KA2201|66581;412071;325369;382166;1249406;589528;45357;174;0;0;38848;1823967;1431235;916335;1121072;244313;406312;173410;320221;71845;205897
KA2202|43272;408033;332791;394977;1281580;611436;45884;177;0;0;39266;1864828;1461159;983354;1074446;235425;408062;187567;325891;73744;218423
KA2203|47317;418438;381124;436517;1346795;659650;45861;187;0;0;39445;2010150;1569128;1089483;1150511;234857;441335;167310;346829;76950;289243
KA2204|70673;439260;388429;436257;1415690;652867;46117;187;0;0;40085;2111990;1579456;1149858;1169112;255277;446325;182525;354518;75266;299271
KA2205|53442;474725;403625;478712;1503849;716702;46894;206;0;0;40393;2246801;1730607;1163847;1290791;266488;500305;200480;371292;82584;311868
KA2206|72108;508247;418919;474942;1605165;722803;46770;208;0;0;40575;2387827;1762623;1231808;1306528;275690;503610;254938;404496;82452;301577
KA2207|81673;556199;448405;506884;1650179;760037;47215;219;0;0;41742;2463218;1889258;1399007;1433884;321564;543798;198888;425252;86051;302808
KA2208|61843;655856;472966;486373;1730742;760070;47077;223;0;0;41363;2592821;1966775;1511084;1478588;319929;548485;190106;435785;86440;335790
KA2209|80469;680251;481732;488689;1802582;766944;47165;224;0;0;42210;2705254;1998611;1606159;1537153;323295;548788;176415;445180;86364;334433
KA2210|84413;716925;497297;497609;1882571;773853;46810;227;0;0;41952;2824754;2056026;1667975;1634918;346605;566809;148778;452557;90482;358849
KA2211|83275;739789;515920;522212;1993744;784913;46453;229;0;0;42079;2993627;2116792;1816686;1625585;371320;577975;167121;463434;77542;378856
KA2212|138437;750295;532748;531948;2143485;793802;47515;233;0;0;43334;3266874;2149815;2031492;1583270;426449;606674;167704;493574;79603;400203
KA2301|89681;723256;554128;529979;2241037;799069;47375;234;0;0;43361;3363473;2108019;2106292;1632989;421412;642283;146004;478324;80836;394998
KA2302|96170;720264;569442;516837;2393055;793290;46773;237;0;0;43285;3592705;2079354;2402721;1564634;511179;645971;115154;505132;79828;417282
KA2303|128020;715527;709819;536127;2602064;811461;46261;242;0;0;42946;3983199;2113119;2570160;1591433;544161;692228;154803;514135;82264;523049
KA2304|174410;687608;725758;554188;2781314;821694;48619;246;0;0;44206;4231067;2118546;2654714;1632011;593102;744553;297459;524742;84076;503619
KA2305|102786;679864;730638;582694;2930002;849107;48629;259;0;0;44255;4327600;2155376;2618712;1604519;489076;763482;365642;552974;86198;500940
KA2306|107928;784766;768638;722816;3009207;1067319;49676;326;0;0;44868;4517118;2647911;2699437;1972124;495632;917651;320012;686778;105880;512177
KA2307|135412;851564;806894;749406;3101247;1107404;49776;340;0;0;45055;4730606;2793537;3032786;2052596;549236;995255;239029;708745;110211;549929
KA2308|226377;892739;845215;740460;3170088;1089682;50962;334;0;0;45618;4932625;2794911;3259309;2176231;598234;1014484;172378;703001;107642;573547
KA2309|456592;856825;873219;751509;3216405;1129002;49566;341;0;0;44211;5216919;2803375;3415973;2151990;565475;997493;203675;692570;107974;568020
KA2310|413878;884487;891858;782326;3248435;1173830;50000;366;0;0;44300;5299400;2917559;3568999;2279070;586880;1040188;160249;730162;110836;567533
KA2311|493612;940605;893450;819726;3265193;1220291;50857;504;0;0;44710;5454594;3056072;3626182;2380958;578978;1061131;158141;765423;114636;572839
KA2312|607995;955797;918873;847968;3290034;1250238;55528;531;0;0;48380;5656323;3145984;3901681;2400720;576054;1097661;101257;820409;118786;631794
KA2401|489657;957691;960129;864836;3283177;1324912;55842;556;0;0;48583;5619271;3225822;3874286;2425460;605897;1135597;109866;871886;119444;626822
KA2402|314307;1091061;981709;897254;3345616;1379854;56300;583;0;0;48865;5592485;3454579;3853679;2495051;634919;1212385;139355;922254;122091;639596
KA2403|519287;1079489;1004581;957496;3418243;1469702;57899;608;0;0;49863;5935266;3599933;3696905;2674980;591067;1329467;175883;1011218;125670;676581
KA2404|522758;1086415;1023949;860796;3414765;1585200;58960;602;0;0;50532;6044667;3609543;3989353;2550337;635634;1284088;165723;1042169;158036;675500
KA2405|760446;993768;1052709;842148;3377566;1666046;61572;600;0;0;51888;6322333;3573572;4159619;2420726;629996;1238477;213037;1003608;158548;683592
KA2406|882228;1204043;1143405;854804;3415895;1704716;64742;566;0;0;53681;6575694;3833607;4458869;2440224;761650;1232116;244108;1050621;159876;708920
KA2407|710692;1267502;1187175;870843;3442216;1764373;76132;537;0;0;58624;6514085;3980679;4644413;2517672;741335;1276080;190183;1090955;185867;713052
KA2408|666035;1382815;1215641;910554;3505823;1876250;79660;619;0;0;60618;6639988;4262425;4680213;2684526;732021;1397156;172155;1155849;193264;712590
KA2409|981345;1315869;1272546;912444;3597275;1923727;84495;625;0;0;62874;7153355;4252833;4903407;2620023;845229;1431417;253027;1172867;194122;748651
KA2410|921306;1287950;1318153;945148;3649921;1938668;88905;627;0;0;65667;7218412;4274503;5061463;2541507;803034;1448119;272097;1198673;190758;746372
KA2411|856395;1194698;1320070;950888;3735016;1966013;91958;624;0;0;67413;7317494;4207879;5182874;2490408;766375;1434834;266589;1162758;189608;774707
KA2412|1314289;1210108;1372246;982472;3893114;2060093;91536;715;0;0;66158;8088393;4343873;5503812;2563178;855940;1465750;330509;1212493;205156;844249
KA2501|1178203;1250164;1418054;1061854;3934406;2154025;96803;871;0;0;69016;8051644;4565967;5504384;2567806;847343;1458670;317543;1270873;206892;870194
KA2502|1250039;1329370;1447379;1083669;4059291;2218367;101294;909;0;0;70971;8364398;4735898;5762227;2749337;967653;1552933;268089;1322955;209781;882883
KA2503|1075622;1546237;1573541;1131014;4175947;2361571;107812;1041;0;0;74343;8490040;5142504;5723103;3017187;967618;1677706;298252;1484907;219087;908836
KA2504|1014989;1687660;1598750;1203933;4312329;2489450;118170;1117;0;0;80358;8637025;5488734;5706377;3271913;984781;1807732;229227;1591824;225871;905703
KA2505|992557;1665350;1618085;1237248;4439800;2581302;127140;1188;0;0;85953;8886374;5603818;5840089;3379736;966181;1840845;213484;1646806;228875;935178
KA2506|1158696;1802199;1655401;1281198;4540656;2679668;138066;578;0;0;92156;9274235;5885079;6180155;3414585;1145133;1893326;431864;1752085;262322;991493
KA2507|1107431;1795776;1769944;1311952;4704120;2724189;145971;584;0;0;97809;9533795;5964133;6382119;3532697;1080881;1956639;346494;1810876;263911;1011029
KA2508|1200409;1771087;1849851;1310038;4812850;2809393;152659;597;0;0;107041;9985146;6053418;6528847;3544927;1053099;2032251;383397;1880938;268634;1048795
KA2509|1462727;2037445;1900401;1346998;4969488;2873977;165977;604;0;0;114968;10518856;6441491;6722088;3759430;1120756;2189469;333409;1941715;271423;1099957
KA2510|1266931;2077084;1901604;1370765;5085271;2896541;172277;605;0;0;120144;10429822;6505502;6817483;3888020;1151461;2319723;281864;1979804;291913;1123913
KA2511|1100190;2056019;1906635;1430959;5197726;2946926;178377;612;0;0;125300;10516684;6591728;7154716;3923379;1205015;2366254;280625;2031463;319892;1163936
KA2512|1516898;2105899;1925630;1470752;5464089;3090708;191652;605;0;0;135455;11314416;6858180;7501575;4052060;1247784;2546633;401694;2093306;337196;1275361
KA2601|1241410;2310005;1964161;1540644;5569086;3158324;200456;615;0;0;142181;11206028;7247796;7439584;4292876;1132797;2806098;320181;2109750;354370;1296771
KA2602|1193577;2063878;1973709;1557483;5709480;3242477;208125;638;0;0;147704;11412579;7089832;7568382;4336711;1190593;2884914;345982;2090745;356440;1316200
KA2603|1153862;2092158;1981567;1549668;5906309;3285469;217902;637;0;0;156146;11633941;7080948;7305626;4239641;1163705;2726115;213418;2078816;366661;1298754
KA2604|1135829;1954822;1998237;1568507;6056515;3410804;225374;650;0;0;162248;11850528;7098202;7780469;4301462;1291500;2745133;283937;2091839;372767;1334034
KA2605|1189877;2068094;2038321;1592898;6161721;3457363;229908;654;0;0;169465;12203111;7282713;7858087;4366144;1250051;2779053;251229;2234448;376541;1339963
KA2606|1222116;1859544;2076519;1599578;6379975;3497806;250469;687;0;0;181311;12519176;7114680;8096758;4182795;1328820;2654766;340852;2243040;391590;1365197
KA2607|1359629;1957607;2119108;1578990;6518108;3656837;265469;703;0;0;192717;12819296;7401061;8475845;4470875;1410938;2756663;380864;2338697;397837;1359368
KA2608|1342472;2135926;2146924;1598244;6717798;3798087;275733;634;0;0;198649;13212070;7737430;8721583;4659599;1451164;2939211;335529;2411338;404432;1396250
KB2201|17852;180070;41442;85890;181738;160465;8637;2461;9064;16591;9727;279353;446630;169293;398961;50682;197058;6502;22487;20517;37780
KB2202|17544;181312;45337;81437;203186;165055;8783;2526;9658;17806;9919;308194;449631;200903;402019;48820;207978;6359;22094;21141;45642
KB2203|16123;190457;46863;87678;225858;174950;8889;2989;10822;19089;10371;336963;475146;222395;420200;51937;219761;6165;23970;23097;47379
KB2204|17418;192358;53988;88461;246207;170807;8760;2986;11463;19007;10258;370114;473413;236746;424454;54780;223955;6269;26410;23016;55147
KB2205|21064;211195;49882;97439;265660;187957;8715;3197;12253;21175;10854;399968;519519;249068;460742;57256;251187;6228;27366;25440;59879
KB2206|24587;223879;50364;97985;280508;187253;7821;1836;13296;21142;8944;424416;532138;286979;461847;60249;252910;6890;30374;25831;63272
KB2207|28299;239850;57532;104601;289549;198003;7815;1763;13518;22487;8957;448059;568439;308937;501145;61862;271139;6981;31016;27558;65676
KB2208|31718;252073;66865;106915;303062;197707;7966;1417;13980;22291;8866;480527;581902;324400;516009;63898;280614;8212;30180;27915;71163
KB2209|34401;270845;72627;107063;322331;198862;7869;1425;14767;22364;8916;510190;601674;339399;539086;64774;305384;10066;29808;28268;73750
KB2210|33736;270492;79880;113624;335711;201198;7643;1477;16637;22692;8917;534796;608411;360208;546814;72887;322823;8525;29087;28471;76475
KB2211|28254;258728;90398;115961;351888;203525;7526;1452;18817;22901;8886;560965;601647;390663;508784;78056;307254;10020;28536;28807;80008
KB2212|33304;236985;93596;116621;379305;199374;7866;1249;25046;22995;9094;611070;576545;454852;436214;99945;273014;6760;29851;29139;84225
KB2301|29000;239264;98852;120665;409049;204421;7854;1269;28262;23192;9097;650898;587557;464416;462281;88136;301691;8696;33918;29392;86541
KB2302|23787;221953;110067;116977;449024;198745;8111;1249;32712;22648;9400;704586;559385;510270;433441;96073;284065;10180;36088;31241;90226
KB2303|40465;217928;110596;122137;480676;200782;8032;1175;39047;22613;9200;762275;563335;547100;433015;102666;281960;11069;36147;31910;95624
KB2304|39521;226728;117368;118138;502937;203266;8510;1284;47755;22857;9851;794252;572190;576796;441573;102894;290031;10588;38303;32434;102829
KB2305|36260;232116;120886;122389;504721;210443;8278;1229;59304;23464;9580;822714;587786;590889;465441;88563;307823;10044;37010;33105;108697
KB2306|58799;285972;123577;149724;510114;260520;8325;1612;62443;28970;10178;893201;724615;617550;552707;100180;351142;14107;53907;41279;111236
KB2307|72544;325128;120721;158151;519606;270014;7937;1646;66772;30571;9735;928629;785991;648001;609837;98998;391025;13707;45959;43014;116280
KB2308|92188;336416;145384;156169;524083;261580;8276;1581;71472;30310;10004;963263;785531;689869;617104;102546;401320;13489;47205;42462;121813
KB2309|105115;327247;151505;157636;539283;272194;8502;1548;75573;30424;10223;1000838;789057;706869;619452;105576;395216;11834;53809;43312;126869
KB2310|106321;363333;166595;165714;551232;286415;8440;1633;78706;31371;10227;1027368;849681;717595;665204;104385;434658;10799;57203;44611;131718
KB2311|126822;360133;172642;179715;576003;296069;8514;1688;80097;32778;10332;1075192;872410;744522;681517;101026;448556;14251;62298;45817;133416
KB2312|131444;385152;194256;186031;598698;307022;8040;1815;80979;34661;9832;1124168;917008;782252;734115;111819;470437;18388;64657;47470;143953
KB2401|131142;401339;184442;186119;605667;315894;8407;1848;81184;35597;10094;1137760;942679;747638;739971;105344;485794;27136;72230;48082;147725
KB2402|139491;451591;183352;150088;615261;328430;8746;1941;81688;38214;10465;1162885;972129;775259;754690;107670;510561;18741;72369;49418;151895
KB2403|129731;463591;184651;152877;630557;356344;8877;1967;83440;41213;10500;1177881;1021584;734878;806372;100686;547898;17765;83250;51021;159452
KB2404|134295;478295;188635;136853;613905;369914;9381;1932;82466;41886;10956;1177202;1029858;752224;786456;107897;519077;14600;79598;51321;159793
KB2405|188431;412216;187477;131460;604828;394047;9544;1896;80611;44906;10973;1229211;985810;795435;749040;115007;497236;15190;76677;51078;165358
KB2406|178265;442167;201851;127028;602160;410383;9696;1928;78011;47650;11138;1231346;1030970;803364;759190;119082;505240;19869;89849;51875;171475
KB2407|172562;460285;207296;127844;605727;426463;10469;1976;75772;50932;11691;1243672;1070223;806149;766927;126199;507815;15853;98042;45898;182780
KB2408|190712;481384;202654;131381;609976;455322;10932;2168;74400;56269;12095;1258098;1130688;774489;828618;125945;528307;17751;103763;47409;184500
KB2409|205108;494198;204675;133215;623254;474024;11399;2206;73194;60308;12426;1310287;1175735;820917;847337;136363;538343;20773;115783;47727;192883
KB2410|227065;484433;207302;132252;628773;487310;12549;2299;72050;61310;13527;1327762;1178752;837107;850374;141617;545907;16912;119303;51544;195190
KB2411|221432;466361;220824;133857;639774;504676;13396;2432;70455;65637;14222;1347358;1181434;836656;844262;134705;536766;20055;119308;51799;202507
KB2412|262045;474355;225919;144329;656634;523922;14924;1640;68234;72582;14300;1437231;1222449;894774;883922;167835;547040;24722;126406;64764;214032
KB2501|220162;550469;226460;152086;658972;551235;16208;1736;66623;77253;15285;1394358;1342117;875996;911910;148104;552383;33586;132220;65565;220738
KB2502|194103;567239;230259;154628;695148;578474;16378;2195;65899;83948;15573;1425980;1395359;877266;973452;157315;574780;16425;138444;74060;226678
KB2503|213374;592701;229162;164436;758214;617454;17688;2443;71227;99696;16938;1507327;1489709;918997;1083134;162448;631180;16790;154905;77264;231230
KB2504|183905;652297;245346;179249;800405;650823;20777;2973;73232;110328;19757;1535353;1612729;977170;1159328;173305;673333;14584;168448;78802;230041
KB2505|212686;630338;253041;181287;817916;665822;23103;3351;78413;123526;21437;1602549;1613687;1020771;1168026;170882;677057;25749;186399;80189;240806
KB2506|205523;687763;264598;185062;846930;691433;24353;3103;78082;134885;21064;1667974;1712406;1071254;1207016;173454;696867;17788;203548;81717;247921
KB2507|223319;660807;271858;201108;872987;700216;26136;3483;79876;143138;23182;1719218;1720832;1110148;1213017;185801;700565;26604;205661;82962;252635
KB2508|235509;704643;299379;206847;894238;720898;28539;3753;75646;160322;25466;1787670;1810724;1143196;1266565;191009;714303;31822;217170;84158;262360
KB2509|223646;856841;319330;209343;932147;734816;31814;4396;75312;167864;28609;1858032;2006155;1136128;1378464;191018;801758;64642;228195;83103;270496
KB2510|223453;879332;330282;213055;958407;738643;34640;4616;75017;172694;31136;1883340;2035755;1197097;1416427;198161;840606;63935;223297;108495;278484
KB2511|235881;918097;338666;203403;1003089;745127;35948;5008;76886;179275;33184;1959930;2076761;1233878;1445530;200402;861329;47053;247671;102223;285831
KB2512|300260;987003;339441;205442;1048353;784829;37750;4609;78859;188523;32019;2115098;2211938;1272705;1569936;235710;966967;74776;255658;124840;301901
KB2601|231042;1139728;345249;220632;1056810;801416;41558;5388;78414;194405;35903;2042655;2445898;1216069;1741645;206220;1122940;56805;249064;126615;311751
KB2602|256403;1078316;368453;215298;1103828;815110;44274;5725;81627;199745;38837;2146103;2356106;1247937;1757017;225026;1134699;71086;259090;127732;321987
KB2603|360150;1112248;372675;239968;1149510;817280;47448;6286;86158;204320;42794;2327520;2407026;1375644;1724250;208609;1104656;111766;290107;128882;336555
KB2604|255055;1089424;385129;233735;1179749;839575;49873;6740;87731;215276;45953;2268720;2406126;1378668;1745819;219263;1101156;78197;289256;130960;340439
KB2605|276583;1033490;389221;237302;1210793;848183;54190;7462;88645;219246;50990;2339080;2371665;1365434;1757216;223271;1102255;75390;301122;132603;342668
KB2606|364367;1029500;398611;218174;1266216;874265;58975;7238;88785;229879;52062;2528844;2389555;1523224;1671182;229077;1045792;137960;319958;134683;355800
KB2607|293116;1081121;413985;236626;1321963;888072;62397;7556;94135;237600;56332;2529160;2471775;1550872;1686980;239598;1042653;95810;363268;141847;361805
KB2608|281312;1252811;465279;242248;1371418;901432;65748;7931;94640;243915;60616;2656460;2689064;1765785;1797462;244627;1099919;100978;387474;144247;371574
KY2201|73232;58448;15021;32318;54165;349369;2175;2116;425;599;2859;161059;446434;0;0;0;0;14528;244967;12273;65778
KY2202|75962;51265;16687;31515;58237;361240;2188;2201;393;587;2876;170034;450923;0;0;0;0;15798;244584;12672;70558
KY2203|81542;66842;19200;32418;65086;374539;2256;2293;358;659;2953;186596;480276;0;0;0;0;16524;264873;13150;71228
KY2204|90074;67161;20508;34551;72170;348623;2247;2263;371;638;2907;203389;459079;0;0;0;0;16644;261564;12943;72705
KY2205|97407;73567;22072;36710;79625;377051;2266;2520;355;703;3152;222307;498577;0;0;0;0;17610;285528;13974;74730
KY2206|104794;74010;23711;37863;89229;368120;2194;2538;423;700;3213;241853;492478;0;0;0;0;17662;290381;13979;76243
KY2207|95209;82555;23864;40797;96232;378388;2278;2621;470;723;3503;241127;515878;0;0;0;0;18177;308526;14568;78719
KY2208|107927;81582;25275;42326;108166;362340;2201;2636;479;713;3583;269543;501499;0;0;0;0;24492;307378;14570;82053
KY2209|109577;72976;26896;41063;120307;341730;3976;720;452;706;3650;287469;469524;0;0;0;0;23010;301676;15097;84527
KY2210|110550;74724;28931;40708;132390;331625;4546;154;440;663;3761;305239;460004;0;0;0;0;23942;306660;15221;87802
KY2211|116557;81909;28980;41488;145164;319197;4484;159;420;658;3966;325341;452343;0;0;0;0;21161;311532;15502;90833
KY2212|132972;79855;30996;44415;163106;320904;4407;37;657;621;3790;364750;454375;0;0;0;0;23429;312566;15757;95415
KY2301|122390;85751;31547;46725;175254;333427;4334;36;750;640;3733;367885;475583;0;0;0;0;24609;319669;15939;98042
KY2302|122968;82805;31890;46817;187269;326812;4343;36;739;627;3739;381742;467378;0;0;0;0;23329;321167;15821;98484
KY2303|125595;82804;29545;46759;210475;335539;4358;36;747;632;3751;405822;476653;0;0;0;0;26318;327784;16209;101070
KY2304|136910;75657;30193;44944;222503;338028;4346;35;791;799;3741;429482;470294;0;0;0;0;31295;332893;16451;103864
KY2305|134203;83741;30178;48890;231948;342719;4262;33;905;801;3669;437181;489753;0;0;0;0;31878;346981;16961;108233
KY2306|162153;88485;29819;61837;228480;434857;4120;9;839;1021;3589;466608;601024;0;0;0;0;29151;431895;20294;114552
KY2307|163465;79666;30682;65841;226733;460399;4107;9;741;1149;3587;466490;623043;0;0;0;0;27831;443393;21116;126954
KY2308|186833;91017;31341;63947;234829;456878;4144;9;798;1103;3658;501096;627461;0;0;0;0;26185;444986;20863;130250
KY2309|210771;102381;29573;66079;245645;465537;4028;9;883;1112;3440;539838;651251;0;0;0;0;26781;473622;21257;135933
KY2310|202299;103459;30270;70663;259904;480435;4445;9;876;1142;3629;553082;673291;0;0;0;0;24800;490819;21807;142198
KY2311|194962;110445;35088;74272;279455;499503;4774;9;764;1283;3814;581207;702634;0;0;0;0;23309;513374;22540;147355
KY2312|214123;110227;37577;75152;293592;516221;5965;10;616;1279;4652;622543;721429;0;0;0;0;29071;522562;23000;154910
KY2401|218741;108973;42515;78576;304791;524946;6221;10;662;1283;4818;648256;733583;0;0;0;0;31419;539264;23282;160882
KY2402|230897;141149;45513;84594;322501;531956;6248;10;639;1286;4852;686398;778751;0;0;0;0;23236;573590;23838;171393
KY2403|223937;131230;48902;89302;332438;569374;6153;11;611;1303;4810;695621;811668;0;0;0;0;23099;586935;27700;190664
KY2404|234266;139622;52379;79911;337396;580255;6179;11;935;1277;4836;716333;818689;0;0;0;0;24157;599169;28281;200909
KY2405|261637;80175;50102;80975;352110;596749;6127;11;803;1252;4780;757923;776627;0;0;0;0;31401;578343;28274;209314
KY2406|312920;137092;54351;81436;368023;608921;6097;11;859;1181;4986;830053;843954;0;0;0;0;35607;634641;28661;218035
KY2407|279799;100908;56216;85498;376046;651098;6337;11;824;1174;5208;805954;854612;0;0;0;0;32396;634913;28954;226049
KY2408|291550;126439;58372;90625;382164;703713;6146;11;763;1208;5037;827200;939817;0;0;0;0;33643;686148;29984;235169
KY2409|304694;123677;62030;92705;388182;710576;6150;11;778;1181;5032;851335;944598;0;0;0;0;33398;687090;30182;248064
KY2410|311927;126705;63961;94944;383901;705560;6234;11;391;1233;5102;858139;945793;0;0;0;0;33737;693350;29846;257268
KY2411|311985;129163;68163;92449;375982;722421;6030;101;307;1186;5017;858017;967640;0;0;0;0;33141;716495;29780;267914
KY2412|336186;110059;75358;94851;380719;760903;6109;102;582;1170;5193;897439;985179;0;0;0;0;36852;736794;19064;279103
KY2501|351495;103389;83258;97422;376093;776347;5807;106;558;1158;4987;933353;996291;0;0;0;0;38785;747162;19270;290053
KY2502|370777;120192;87488;98980;392813;801737;5901;108;545;1214;5043;972708;1042418;0;0;0;0;46092;768870;19899;298987
KY2503|330588;170353;93803;100330;409945;857438;5939;114;551;1259;5041;958402;1149404;0;0;0;0;50048;842045;20585;306857
KY2504|340600;184779;98881;101850;426788;902032;5833;121;546;1281;4999;989078;1208914;0;0;0;0;39805;886817;20972;311845
KY2505|367509;185421;101117;103535;439624;919363;6255;123;464;1754;5103;1036102;1229799;0;0;0;0;43524;912061;21252;325324
KY2506|434079;201433;102852;105331;462683;969129;5012;122;552;1995;3974;1138135;1296061;0;0;0;0;48166;970600;21662;347759
KY2507|427914;176324;104603;109383;495878;974052;5176;122;481;1967;4078;1182778;1281743;0;0;0;0;53192;984636;23521;362766
KY2508|490879;157649;110763;109402;516062;1015941;5277;125;415;1986;4150;1277128;1305467;0;0;0;0;62678;1007834;23777;380506
KY2509|519297;184312;111069;108867;538698;1044954;5626;120;502;1972;4314;1331049;1360550;0;0;0;0;64609;1041558;24063;393386
KY2510|490535;185036;113381;113499;558272;1053418;8034;125;499;1882;5151;1334334;1376930;0;0;0;0;62158;1054326;24196;412489
KY2511|536885;157492;124987;119414;578133;1061068;8999;127;593;1874;5536;1428373;1364736;0;0;0;0;67622;1057601;24418;425595
KY2512|546155;158089;131970;118353;622379;1079522;9619;122;872;1955;6979;1512848;1379336;0;0;0;0;77717;1064696;24700;445616
KY2601|632937;216510;133822;120290;638720;1122993;9776;125;764;2039;7202;1634537;1485691;0;0;0;0;80196;1112410;24977;459848
KY2602|642696;193322;138692;126417;670749;1136070;10129;125;575;2055;7360;1686307;1480957;0;0;0;0;80365;1114433;25165;475863
KY2603|590389;234581;151976;127540;721964;1152733;11776;116;821;2020;8134;1698466;1540967;0;0;0;0;74525;1133357;26694;492281
KY2604|674532;221750;151597;138205;735840;1189439;11933;119;4491;2323;8370;1799306;1575577;0;0;0;0;106523;1204091;27034;505921
KY2605|672856;263483;156508;141519;735321;1210558;11765;119;4663;2378;8241;1814413;1643469;0;0;0;0;106337;1250708;27342;517969
KY2606|738627;210705;177184;142413;756356;1223127;11993;111;4801;3008;8368;1932925;1605612;0;0;0;0;121651;1254800;27773;538830
KY2607|801649;186276;184309;152522;787451;1241259;12281;121;4946;3051;8587;2035711;1607750;0;0;0;0;136346;1261077;28188;554279
KY2608|817837;195794;174484;154444;797478;1269114;12705;32;5246;3093;8768;2063016;1649021;0;0;0;0;131467;1292655;28622;573607
M2201|207181;1361479;676080;673861;2655231;1564479;134242;11607;0;0;116082;4122741;3764889;1905767;2907054;467333;1340357;237115;935617;231225;648390
M2202|183276;1341054;702751;701935;2752090;1631661;134586;11794;0;0;116632;4260864;3843026;2078541;2857512;462855;1353830;247237;945599;237898;684742
M2203|200678;1414125;753091;772192;2930160;1732323;133856;12468;0;0;116760;4588456;4090615;2279210;3050535;499610;1449354;228833;1003483;242079;794412
M2204|229881;1400411;776584;776246;3098874;1711202;132194;12413;0;0;115873;4810787;4058587;2421985;3048291;556625;1451362;241434;1000560;241518;829228
M2205|228150;1563292;796329;851344;3289442;1879707;141805;5436;0;0;117813;5168070;4495259;2480841;3390334;558786;1618874;275678;1082854;265299;877154
M2206|258129;1653456;841905;851972;3494466;1859071;140206;6362;0;0;118962;5457426;4559451;2641387;3405982;593419;1617202;332112;1118057;268280;887986
M2207|270339;1818009;899908;910607;3594730;1954732;140980;6725;0;0;121274;5634170;4896803;2939087;3708550;665767;1725993;280123;1179053;284982;903889
M2208|251131;1904305;939680;898405;3756456;1933432;142341;6805;0;0;123670;5912202;4953446;3152715;3746276;677226;1719941;262458;1189315;288182;990893
M2209|281858;1967597;997930;884199;3929115;1923598;142325;4042;0;0;122257;6228389;5002752;3388280;3785775;711817;1749241;250508;1194401;291536;1030650
M2210|292456;1945832;1050372;904615;4100653;1933469;142949;4301;0;0;123828;6530785;5013610;3591273;3849281;758630;1785124;228886;1185124;278210;1101308
M2211|286455;1905831;1091680;936582;4299256;1955710;143666;4331;0;0;125595;6837856;5028414;3852134;3755206;800205;1793479;241360;1176060;265920;1158814
M2212|393450;1847490;1140211;945557;4567098;1950880;144812;5040;0;0;128829;7366044;4974606;4323956;3646836;925750;1842901;232591;1195852;252302;1226088
M2301|326071;1856690;1229440;946536;4757597;1970026;143517;5107;0;0;127687;7619703;4987226;4501604;3718850;900758;1957812;239522;1171572;243569;1234255
M2302|332161;1853131;1289738;932676;4953366;1939742;141345;4670;0;0;126624;7987568;4933713;4915405;3578785;1011485;1949260;223500;1200953;242993;1299013
M2303|467051;1811221;1462472;968961;5304038;1985920;140224;4838;0;0;126379;8661654;4975777;5352546;3623590;1110871;2050048;244452;1206462;248224;1398244
M2304|451905;1894340;1473948;994438;5627081;2017270;151682;4454;0;0;131494;8982377;5136112;5599730;3731923;1196915;2186321;380612;1228652;244795;1358775
M2305|386013;1925078;1487640;1044953;5843251;2104250;148421;4257;0;0;129218;9204098;5304917;5582063;3717318;1008586;2234764;446193;1313020;256412;1389836
M2306|617030;2258949;1547513;1307552;5951276;2624368;148966;5274;0;0;131888;9896375;6521019;5968367;4512657;1099816;2672011;410859;1646003;318105;1465049
M2307|640319;2458821;1641960;1356313;6139565;2706479;150614;5416;0;0;133586;10286138;6875280;6465006;4733051;1171748;2887171;294743;1706813;338875;1555770
M2308|837140;2452543;1753824;1336309;6325969;2646534;153477;5482;0;0;134798;10695214;6760955;6760322;4864307;1239693;2929483;274223;1708003;333664;1610207
M2309|1364196;2320242;1813423;1356445;6482948;2703935;148504;5604;0;0;130352;11415494;6703207;7178212;4801957;1244307;2863149;291324;1763687;339612;1635154
M2310|1337177;2365535;1863058;1402760;6616375;2796791;152802;5916;0;0;133252;11736758;6918469;7464180;5001163;1225342;2976217;255119;1871473;349858;1662105
M2311|1437311;2473548;1884309;1469727;6767089;2908796;154658;6169;0;0;134411;12105119;7203307;7578702;5126205;1190839;3016185;293824;1997402;358796;1687600
M2312|1654448;2568384;1970322;1506591;7001784;2959794;168652;7434;0;0;142894;12757777;7409644;8114520;5221083;1272319;3083000;256982;2094683;344755;1854325
M2401|1382230;2639411;2095667;1528342;7108700;3077756;173283;6203;0;0;145479;12823299;7604451;8091827;5368349;1273006;3203880;217794;2180065;363373;1866015
M2402|1144417;2827794;2180866;1614881;7348912;3218459;175744;3326;0;0;144723;13030939;8030911;8105724;5504709;1343220;3349731;295528;2300144;388243;1907712
M2403|1445449;2844841;2266105;1699765;7630555;3413239;177755;3095;0;0;146471;13819113;8360977;7980555;5949955;1339171;3705915;318055;2461982;420697;1956807
M2404|1447934;2846044;2319068;1599724;7669460;3580196;183858;2997;0;0;149708;14103049;8406877;8415868;5690417;1367734;3570751;344703;2466620;454745;1963761
M2405|1976259;2593685;2382133;1587972;7765002;3809547;190729;2833;0;0;153650;14867526;8356814;8985187;5391169;1399539;3444921;430595;2472293;448494;2006911
M2406|1998153;2992139;2511261;1612012;7947680;3914707;196076;2805;0;0;155062;15232155;8887677;9532496;5370533;1649322;3392449;488975;2609648;455267;2076003
M2407|1977846;3063967;2569331;1644385;8027332;4047334;223324;1723;0;0;169797;15437024;9139392;9887400;5481257;1571997;3481453;470120;2655493;480625;2107961
M2408|1881280;3430604;2623025;1683876;8219331;4268079;232387;1838;0;0;175844;15729432;9804533;10000013;5857457;1613142;3772497;462791;2781128;495693;2127598
M2409|2221129;3225611;2724524;1676724;8441879;4376475;242111;1841;0;0;181356;16515622;9721114;10351907;5815111;1809601;3812838;528653;2822356;513659;2202685
M2410|2341554;3185074;2800766;1709771;8557115;4380718;252177;1799;0;0;189489;16852855;9721396;10663622;5754567;1688434;3854485;597725;2848286;514055;2207374
M2411|2314870;2998086;2851381;1719168;8764011;4452163;262554;1776;0;0;197298;17211372;9594337;10787894;5705839;1652202;3821695;618728;2852521;516252;2278694
M2412|2882041;2926946;2934963;1750559;9108064;4621943;269044;1805;0;0;205515;18419383;9706001;11412278;5712376;1835255;3845065;657158;3007631;559497;2414578
M2501|2953396;3037643;2930527;1847543;9223157;4788539;289069;2094;0;0;220028;18598082;10101970;11444175;5814672;1817156;3887811;737075;3102397;556974;2487305
M2502|2999783;3138376;3021255;1862362;9439557;4957261;307274;2302;0;0;233336;19127987;10397100;11816234;6133150;1999244;4047724;684812;3204563;569448;2529790
M2503|2782054;3847217;3251113;1927004;9722225;5268107;322415;2641;0;0;243160;19509621;11518266;12273525;6869816;2119411;4440471;643333;3516790;608570;2550377
M2504|2542714;4072740;3335497;2031485;10056124;5557702;352510;2578;0;0;264315;19770602;12171143;12087148;7302870;2039213;4747523;523257;3694443;621784;2562101
M2505|2636978;3843120;3372680;2096783;10393501;5707771;371484;3750;0;0;280013;20434007;12163004;12537989;7373562;2068231;4767838;567745;3845617;632026;2648893
M2506|2707344;4216330;3454766;2154613;10672948;5912341;392508;2134;0;0;287697;21035991;12815989;13133224;7502944;2385044;4893709;636509;4119432;676624;2786340
M2507|3118142;4079096;3574748;2228273;11019281;5996219;415395;2099;0;0;305231;21945846;12854656;13482886;7683974;2216620;5008667;689224;4256143;714315;2845482
M2508|3141396;3996031;3729974;2244096;11321526;6162693;432860;2347;0;0;323036;22698175;13007482;13831183;7761138;2252111;5160203;662222;4415847;724297;2932693
M2509|3234090;4441278;3758861;2288644;11682330;6310592;457816;3054;0;0;342506;23320837;13701998;14083972;8250400;2407879;5542336;606189;4532947;778699;3043463
M2510|3182087;4711275;3757156;2294344;11940336;6342274;484105;2304;0;0;363171;23497452;13990934;14192021;8561157;2382643;5849301;647371;4611700;833128;3113336
M2511|3059019;4630933;3730424;2385496;12324521;6462576;505098;2380;0;0;382049;23999968;14137954;14659364;8730849;2457009;5966857;707698;4721442;866973;3208440
M2512|3408777;4703583;3768306;2448987;12889714;6703172;538811;2736;0;0;404751;25159701;14567877;15314587;9069065;2638625;6352126;730205;4874241;912321;3408103
M2601|3412315;5315631;3699829;2533303;13110832;6915326;570591;2429;0;0;429788;25305934;15659681;15054688;9816926;2415103;7113655;820390;4989846;947122;3488181
M2602|3354595;5024264;3711380;2529042;13455772;7036129;589711;2600;0;0;447729;25780684;15420614;15288491;10001701;2525737;7272368;875482;4924198;996990;3545094
M2603|2847159;5162661;3839703;2732991;13969336;7096446;610984;2673;0;0;463613;26074380;15686835;15340066;9821345;2524800;6962648;655577;4946617;1008577;3490756
M2604|3084829;4927979;3914371;2569836;14317661;7301444;632665;2800;0;0;483196;26863094;15497492;16189018;9853972;2696378;7014854;718199;5088429;1022512;3574631
M2605|3074407;5247770;4031437;2597872;14641052;7407080;652545;2734;0;0;502438;27623509;15968629;16466935;10061466;2719957;7109743;803267;5278106;1058324;3606001
M2606|3482324;4640965;4133257;2625391;15140047;7530091;694472;2799;0;0;528592;28760408;15509670;17171314;9743733;2860925;6802287;877190;5389546;1087428;3718929
M2607|3507198;4881468;4196360;2606621;15425617;7783956;733383;2885;0;0;559469;29129743;16043070;17618848;10067426;2930166;6972877;860772;5670028;1128684;3733801
M2608|3462008;5316070;4269156;2651439;15785926;8031510;768477;2865;0;0;585552;29872280;16815751;18025979;10568138;2970226;7344582;766566;5805205;1159168;3827036
S2201|298266;1599997;732542;792069;2891134;2074313;145053;16184;9490;17190;128668;4563153;4657953;2075059;3306016;518016;1537415;258145;1203070;264014;751947
S2202|276785;1573632;764778;814887;3013514;2157956;145558;16521;10050;18393;129428;4739092;4743579;2279444;3259530;511675;1561808;269393;1212275;271711;800943
S2203|298342;1671424;819153;892287;3221104;2281812;145001;17750;11180;19748;130084;5112015;5046037;2501605;3470735;551546;1669115;251523;1292327;278327;913019
S2204|337373;1659929;851079;899257;3417252;2230632;143200;17662;11834;19645;129038;5384289;4991079;2658731;3472745;611404;1675317;264347;1288535;277477;957081
S2205|346621;1848055;868283;985494;3634728;2444715;152786;11153;12608;21878;131819;5790345;5513355;2729909;3851076;616043;1870061;299517;1395748;304713;1011763
S2206|387511;1951344;915979;987821;3864203;2414444;150221;10736;13719;21841;131120;6123696;5584066;2928366;3867829;653668;1870112;356663;1438812;308091;1027501
S2207|393848;2140413;981303;1056004;3980511;2531123;151072;11109;13988;23211;133734;6323356;5981120;3248023;4209695;727629;1997132;305281;1518595;327108;1048285
S2208|390777;2237959;1031820;1047645;4167685;2493478;152507;10858;14459;23004;136119;6662272;6036847;3477114;4262285;741124;2000554;295162;1526872;330667;1144109
S2209|425834;2311418;1097453;1032324;4371752;2464189;154170;6187;15220;23069;134823;7026047;6073950;3727679;4324862;776591;2054624;283584;1525884;334902;1188927
S2210|436743;2291049;1159183;1058947;4568753;2466292;155137;5932;17077;23355;136506;7370820;6082025;3951481;4396094;831518;2107947;261352;1520871;321902;1265585
S2211|431266;2246470;1211058;1094031;4796308;2478432;155677;5943;19237;23559;138447;7724162;6082404;4242796;4263990;878261;2100733;272539;1516129;310229;1329656
S2212|559726;2164330;1264804;1106591;5109510;2471158;157084;6326;25703;23616;141713;8341865;6005526;4778808;4083050;1025695;2115915;262781;1538269;297197;1405728
S2301|477462;2181705;1359840;1113926;5341901;2507874;155705;6413;29012;23832;140517;8638486;6050366;4966020;4181131;988894;2259504;272827;1525157;288901;1418839
S2302|478917;2157889;1431695;1096470;5589660;2465298;153799;5956;33450;23275;139763;9073895;5960476;5425675;4012226;1107558;2233325;257009;1558208;290054;1487723
S2303|633111;2111954;1602612;1137857;5995189;2522240;152614;6049;39794;23245;139330;9829751;6015765;5899646;4056606;1213537;2332007;281839;1570393;296343;1594938
S2304|628335;2196726;1621509;1157520;6352520;2558564;164537;5774;48545;23656;145087;10206111;6178596;6176527;4173497;1299809;2476353;422496;1599848;293680;1565468
S2305|556474;2240935;1638704;1216231;6579920;2657412;160960;5519;60210;24265;142467;10463993;6382455;6172952;4182759;1097149;2542588;488115;1697010;306478;1606765
S2306|837982;2633407;1700908;1519113;6689870;3319745;161411;6896;63282;29990;145656;11256184;7846658;6585916;5065364;1199996;3023154;454117;2131805;379678;1690837
S2307|876330;2863616;1793364;1580304;6885903;3436891;162659;7070;67513;31721;146908;11681257;8284314;7113007;5342888;1270745;3278196;336282;2196166;403005;1799004
S2308|1116161;2879976;1930548;1556424;7084881;3364991;165897;7072;72270;31413;148460;12159572;8173947;7450190;5481411;1342239;3330803;313897;2200195;396989;1862270
S2309|1680081;2749872;1994503;1580159;7267875;3441666;161033;7161;76455;31536;144015;12956170;8143515;7885081;5421409;1349882;3258365;329938;2291117;404181;1897956
S2310|1645796;2832326;2059923;1639138;7427511;3563642;165687;7558;79583;32513;147107;13317208;8441441;8181775;5666366;1329727;3410875;290718;2419495;416276;1936022
S2311|1759097;2944127;2092039;1723715;7622547;3704368;167946;7866;80861;34061;148557;13761518;8778352;8323224;5807721;1291865;3464742;331385;2573075;427153;1968371
S2312|2000015;3063762;2202156;1767774;7894075;3783038;182657;9258;81595;35940;157378;14504487;9048080;8896772;5955198;1384138;3553437;304444;2681901;415225;2153187
S2401|1732113;3149722;2322625;1793037;8019159;3918596;187911;8061;81847;36880;160390;14609315;9280714;8839465;6108320;1378350;3689674;276348;2791559;434737;2174622
S2402|1514806;3420536;2409731;1849564;8286674;4078845;190738;5278;82327;39499;160040;14880222;9781791;8880983;6259399;1450889;3860292;337505;2946103;461499;2231001
S2403|1799117;3439660;2499658;1941944;8593550;4338957;192786;5073;84051;42517;161780;15692614;10194229;8715433;6756327;1439857;4253813;358918;3132167;499417;2306923
S2404|1816494;3463959;2560082;1816489;8620762;4530365;199418;4939;83400;43163;165500;15996585;10255425;9168091;6476873;1475631;4089827;383461;3145386;534347;2324463
S2405|2426327;3086077;2619712;1800409;8721940;4800342;206400;4739;81413;46157;169403;16854660;10119250;9780622;6140209;1514545;3942157;477186;3127313;527847;2381582
S2406|2489338;3571400;2767461;1820475;8917863;4934011;211869;4744;78870;48831;171186;17293554;10762601;10335859;6129722;1768404;3897689;544451;3334138;535803;2465513
S2407|2430206;3625159;2832844;1857727;9009105;5124896;240130;3710;76597;52106;186696;17486650;11064228;10693549;6248184;1698196;3989268;518369;3388447;555477;2516789
S2408|2363541;4038426;2884052;1905882;9211471;5427115;249465;4017;75163;57477;192975;17814730;11875038;10774502;6686075;1739087;4300803;514185;3571038;573086;2547267
S2409|2730931;3843485;2991229;1902643;9453316;5561075;259661;4058;73972;61489;198814;18677245;11841447;11172824;6662448;1945964;4351181;582826;3625228;591567;2643632
S2410|2880547;3796212;3072030;1936967;9569789;5573588;270961;4109;72440;62543;208118;19038756;11845941;11500729;6604941;1830051;4400391;648374;3660939;595445;2659832
S2411|2848289;3593606;3140367;1945473;9779768;5679260;281980;4309;70762;66823;216538;19416747;11743411;11624550;6550100;1786906;4358461;671924;3688324;597831;2749114
S2412|3480270;3511360;3236240;1989741;10145417;5906768;290077;3546;68816;73752;225008;20754052;11913630;12307052;6596298;2003089;4392105;718732;3870830;643325;2907712
S2501|3525052;3691501;3240246;2097050;10258222;6116121;311083;3936;67181;78411;240301;20925793;12440378;12320171;6726583;1965260;4440194;809446;3981779;641809;2998096
S2502|3564664;3825806;3339002;2115969;10527518;6337472;329554;4605;66444;85161;253952;21526675;12834878;12693500;7106601;2156559;4622504;747328;4111876;663406;3055454
S2503|3326018;4610271;3574079;2191770;10890384;6742999;346041;5197;71778;100955;265139;21975350;14157379;13192522;7952950;2281859;5071651;710171;4513741;706419;3088463
S2504|3067219;4909816;3679723;2312583;11283317;7110557;379121;5672;73778;111609;289071;22295032;14992786;13064318;8462198;2212518;5420856;577646;4749708;721557;3103987
S2505|3217175;4658879;3726838;2381606;11651040;7292956;400842;7224;78877;125281;306552;23072658;15006490;13558760;8541589;2239113;5444895;637018;4944077;733467;3215023
S2506|3346946;5105525;3822216;2445006;11982561;7572902;421874;5359;78634;136880;312735;23842100;15824457;14204478;8709960;2558498;5590576;702461;5293580;780003;3382020
S2507|3769374;4916226;3951209;2538765;12388146;7670487;446707;5703;80356;145105;332491;24847841;15857231;14593035;8896991;2402421;5709232;769020;5446441;820798;3460883
S2508|3867785;4858322;4140118;2560344;12731826;7899532;466676;6225;76061;162309;352652;25762973;16123672;14974379;9027703;2443120;5874506;756722;5640851;832231;3575560
S2509|3977035;5482431;4189261;2606853;13153175;8090363;495255;7570;75814;169836;375429;26509918;17068703;15220100;9628864;2598897;6344094;735440;5802701;885866;3707345
S2510|3896076;5775641;4200819;2620899;13457015;8134335;526779;7045;75516;174576;399458;26715126;17403619;15389117;9977584;2580804;6689907;773463;5889323;965819;3804309
S2511|3831785;5706523;4194079;2708313;13905742;8268771;550045;7515;77479;181149;420769;27388271;17579450;15893242;10176379;2657411;6828186;822373;6026714;993614;3919865
S2512|4255193;5848676;4239718;2772782;14560447;8567524;586180;7467;79731;190478;443749;28787647;18159151;16587292;10639001;2874336;7319092;882698;6194595;1061860;4155620
S2601|4276295;6671870;4178900;2874226;14806362;8839736;621925;7942;79178;196445;472893;28983126;19591270;16270757;11558571;2621322;8236595;957390;6351320;1098714;4259781
S2602|4253693;6295903;4218524;2870756;15230349;8987310;644114;8451;82202;201800;493926;29613094;19257676;16536428;11758717;2750763;8407067;1026933;6297721;1149886;4342944
S2603|3797697;6509487;4364353;3100498;15840811;9066459;670208;9075;86979;206340;514541;30100365;19634829;16715711;11545595;2733409;8067304;841868;6370081;1164153;4319592
S2604|4014417;6239153;4451097;2941776;16233250;9330459;694471;9660;92222;217599;537519;30931120;19479195;17567686;11599791;2915641;8116010;902919;6581775;1180506;4420992
S2605|4023848;6544743;4577168;2976693;16587166;9465821;718499;10316;93308;221624;561669;31777002;19983763;17832369;11818683;2943228;8211998;984995;6829937;1218270;4466638
S2606|4585319;5881170;4709052;2985978;17162619;9627483;765441;10149;93587;232887;589022;33222178;19504838;18694538;11414915;3090002;7848079;1136801;6964304;1249884;4613560
S2607|4601962;6148864;4794654;2995769;17535031;9913288;808061;10563;99081;240652;624388;33694615;20122595;19169720;11754406;3169764;8015531;1092928;7294374;1298718;4649885
S2608|4561156;6764673;4908918;3048132;17954822;10202057;846931;10828;99886;247008;654937;34591756;21153835;19791765;12365600;3214852;8444501;999010;7485334;1332036;4772217
YA2201|79239;420674;108400;102756;586007;419732;33411;9834;0;0;32567;915708;1002968;401969;750845;89857;396517;24316;303369;50489;177599
YA2202|63276;418703;126303;113039;614461;441003;33251;9969;0;0;32747;947182;1034809;445515;746131;91672;392408;23090;308418;52025;187549
YA2203|72892;441663;127084;127114;665638;466951;33444;10545;0;0;33598;1025695;1090256;487267;793508;105897;419959;22398;327781;54861;200754
YA2204|85713;436896;140210;128568;705698;459237;33272;10514;0;0;33665;1095422;1081495;531401;791749;122972;419140;20820;321749;55188;210956
YA2205|94549;475358;143527;141472;747927;506931;41831;3316;0;0;34523;1190159;1187502;560774;882765;118854;470709;20362;350874;60303;225742
YA2206|95765;510064;151511;140048;786571;492681;40863;4223;0;0;34977;1232070;1210297;593889;877088;128772;464147;18917;348399;61187;231810
YA2207|95700;572368;160130;150273;810287;519374;40911;4468;0;0;35364;1269983;1314094;640508;967062;139196;501422;21640;368611;65529;238749
YA2208|102427;578621;170022;151968;846051;509505;40519;4528;0;0;35668;1343118;1313870;686675;967342;147131;502508;18120;368373;66461;260102
YA2209|92855;598881;193981;144938;896123;502568;38654;3642;0;0;33180;1417696;1324541;740959;975972;157156;513623;16890;357539;67595;272094
YA2210|100934;567035;203631;152273;936338;509705;38658;3907;0;0;33516;1488577;1305219;791577;952929;166841;526811;22206;361314;67931;289649
YA2211|90111;550171;205503;153800;968494;524472;38833;3932;0;0;34531;1518833;1302167;872069;881124;175262;512592;22102;360381;68216;300414
YA2212|129078;507793;217912;154311;1011411;515189;40174;4636;0;0;36938;1627815;1244899;984585;826379;196400;515574;19610;343005;68647;310954
YA2301|125336;528288;242623;155581;1047808;526042;39616;4715;0;0;36166;1687406;1277558;1046891;831782;190024;553818;18077;341014;69073;318607
YA2302|119641;528847;261705;155480;1055471;521881;38739;4282;0;0;35122;1727200;1273839;1095370;793613;199530;551824;22167;339174;69286;336650
YA2303|211680;475701;278277;157317;1121550;533617;38111;4452;0;0;34682;1904992;1232886;1239906;777849;218537;552816;22141;331143;70455;345740
YA2304|144669;563860;269053;159139;1194886;546814;39127;4054;0;0;35324;1896642;1340143;1307839;805975;244157;586924;22035;343482;71531;336579
YA2305|152659;548637;268110;166705;1237233;576835;38802;3833;0;0;34674;1975018;1371688;1299206;823159;212295;607865;17283;376562;75718;349264
YA2306|312436;633662;266562;209794;1262757;717388;38968;4742;0;0;35684;2260952;1677543;1465793;983178;242880;720155;26347;476673;94685;380467
YA2307|291473;708589;289803;214012;1303337;736264;40526;4885;0;0;36726;2310159;1780178;1493640;1051173;253598;788902;17185;492883;98478;405892
YA2308|363261;701408;310035;209155;1362360;719513;41989;4961;0;0;37752;2416431;1738847;1537950;1077297;260653;803158;32490;488461;97231;419707
YA2309|495187;603397;323684;212393;1395806;733554;39795;5088;0;0;35735;2586434;1658645;1647134;1038611;267664;779336;25500;497468;99714;433387
YA2310|497622;624811;333659;218980;1425499;763790;40788;5381;0;0;36817;2669869;1725601;1690804;1071232;254272;810130;29444;519860;102974;446386
YA2311|503123;663956;341810;237701;1472147;796723;41856;5484;0;0;37839;2756019;1815960;1742833;1078927;244931;816816;38264;560873;105211;460269
YA2312|544624;655961;357881;240415;1542894;809679;46236;6718;0;0;40502;2901221;1823590;1814687;1111784;271520;829821;24762;581213;107646;499913
YA2401|532234;732438;394506;241266;1600928;819429;49449;5467;0;0;41877;3022902;1915433;1846459;1156447;264861;863481;34294;604405;110510;515312
YA2402|413230;786369;416042;271931;1664013;858782;49772;2576;0;0;39908;3005285;2034162;1844571;1186483;289246;892963;33408;637983;128969;534986
YA2403|469660;785972;431450;272672;1751781;903499;51081;2331;0;0;40704;3180407;2090860;1813448;1294509;291995;994207;34967;673402;133505;541243
YA2404|460048;788395;445176;269801;1770160;909644;52988;2286;0;0;42087;3264037;2094297;1855437;1230217;298944;952320;66821;671891;119479;553791
YA2405|583095;709495;464952;275418;1820122;947984;55799;2123;0;0;44277;3464468;2055335;2049997;1145177;306944;905283;60023;706359;118880;582825
YA2406|523953;806249;483299;279107;1872262;976337;56803;2129;0;0;45027;3477798;2186279;2186630;1124859;332176;896272;67383;738351;121113;604564
YA2407|653610;776643;489079;287988;1890919;1017943;61946;1075;0;0;47759;3655703;2209266;2246203;1142719;329054;909031;73937;747372;122401;623379
YA2408|589949;925577;490242;279440;1960492;1066623;65505;1102;0;0;50090;3682386;2406167;2293616;1214753;349611;979435;61629;789569;125643;639144
YA2409|587017;854610;513262;266940;2015718;1084128;67391;1098;0;0;51523;3781466;2344682;2331989;1206356;349482;975411;84235;787312;131690;658415
YA2410|702821;845661;524507;267448;2074112;1075419;68403;1057;0;0;52944;3972609;2333309;2436943;1224771;348435;988975;106480;787461;131299;672030
YA2411|707653;767518;541134;267129;2140507;1097032;72035;1056;0;0;55882;4087689;2273999;2399101;1215455;347149;986655;132493;784531;132507;697434
YA2412|699887;744284;554325;256039;2227146;1122817;78378;970;0;0;61892;4230305;2261924;2546504;1205610;368743;972303;99155;855611;156362;729187
YA2501|903971;783969;531404;267384;2264723;1159002;84220;974;0;0;66989;4453377;2356068;2587268;1235504;385667;996646;120213;871688;158470;755853
YA2502|893043;774010;554300;263521;2306037;1213754;91045;1048;0;0;72956;4539446;2396756;2652630;1287560;405060;1014568;125348;895772;159221;776327
YA2503|866695;992131;606603;267548;2387228;1291032;93174;1233;0;0;75038;4647181;2710376;2891130;1523157;441294;1124948;77998;977133;162382;771866
YA2504|652382;1092146;641923;272850;2470902;1357182;103630;1080;0;0;82762;4572385;2901769;2711087;1577000;417635;1193866;65793;1020235;165247;778764
YA2505|804257;944932;648476;282007;2561303;1388906;108743;2172;0;0;88173;4848096;2794607;2880248;1533409;436716;1190376;123096;1076349;168220;807072
YA2506|714350;1049347;675086;288843;2638317;1425346;115887;1153;0;0;92921;4894436;2946635;2962160;1596290;449559;1223609;74145;1111582;175184;840669
YA2507|1029600;1006235;668424;311989;2721634;1441662;121045;1111;0;0;96089;5295538;2947755;3048642;1619636;452928;1245176;172852;1151429;198676;865293
YA2508|1003309;966022;691683;316208;2799157;1482281;126887;1378;0;0;100842;5407248;2959919;3112061;1659634;472081;1280322;117209;1192367;201093;895121
YA2509|907920;1031837;674331;316120;2872591;1505218;134284;2074;0;0;108969;5392558;3069130;3104975;1772158;479012;1352002;102298;1229475;203807;922928
YA2510|1022899;1141326;679465;295013;2934971;1508909;141733;1323;0;0;114332;5568047;3168615;3127896;1840420;474910;1427052;187272;1250245;234937;948132
YA2511|995528;1134623;678106;301302;3037067;1534854;149193;1386;0;0;121072;5673538;3206973;3148247;1921187;492406;1464967;206413;1281957;237506;978435
YA2512|879056;1137703;694901;312355;3163284;1579866;157544;1742;0;0;126032;5737735;3274645;3283419;1999927;520635;1536433;93072;1331649;240531;1006087
YA2601|1138722;1347070;660988;313881;3236580;1633884;167202;1416;0;0;133243;6015372;3601354;3203298;2170757;509253;1732541;222238;1382860;243452;1039322
YA2602|1088014;1315504;650620;312135;3334600;1649688;172021;1563;0;0;138933;6085540;3568237;3240380;2283767;518327;1775171;232623;1381790;254795;1067775
YA2603|767072;1346111;707410;453372;3483789;1644134;177784;1637;0;0;143508;6023773;3700965;3422769;2246373;521558;1711163;72574;1403829;248998;1053922
YA2604|998653;1382978;740915;315775;3591006;1691425;182293;1741;0;0;148660;6402300;3642184;3665105;2237017;549541;1729350;137251;1479061;251762;1078679
YA2605|942297;1464943;781204;318328;3698410;1715042;187127;1673;0;0;152015;6573362;3756313;3736438;2260175;594243;1742057;207836;1525955;255329;1099668
YA2606|1203030;1217879;816537;328118;3791664;1741035;199136;1731;0;0;160442;6994670;3554415;3958777;2218997;578054;1673485;153559;1557394;260528;1131432
YA2607|1056221;1305399;821839;330306;3915536;1775980;206685;1794;0;0;166389;7005692;3673669;3857649;2304370;614117;1736675;157431;1613541;264887;1151428
YA2608|992334;1479281;850286;338806;4001432;1824427;217447;1833;0;0;175467;7121926;3929159;3893258;2472577;624046;1802583;140901;1660200;281155;1188415
YO2201|61362;528733;242311;188940;819818;555219;55474;1599;0;0;44666;1383067;1330686;587463;1035138;133163;537528;39389;312028;108891;264893
YO2202|76729;514317;243657;193921;856049;579223;55451;1647;0;0;44619;1448854;1347058;649671;1036934;135758;553360;36580;311289;112129;278770
YO2203|80469;554024;244882;208563;917728;605723;54551;1736;0;0;43716;1552610;1431232;702460;1106516;158856;588060;39125;328874;110269;304414
YO2204|73495;524253;247944;211420;977486;599098;52806;1713;0;0;42123;1603375;1397636;740726;1087430;178376;585897;38089;324295;111064;319001
YO2205|80158;613210;249176;231159;1037666;656074;53080;1914;0;0;42897;1731111;1577149;756221;1216778;173444;647860;54837;360688;122412;339543
YO2206|90256;635144;271474;236982;1102730;643587;52573;1931;0;0;43410;1837529;1586531;815690;1222366;188957;649445;58254;365162;124641;354600
YO2207|92965;689442;291372;253449;1134264;675321;52854;2038;0;0;44168;1900969;1693451;899572;1307604;205007;680774;59592;385189;133402;362332
YO2208|86860;669827;296692;260062;1179664;663857;54745;2054;0;0;46638;1976264;1672801;954955;1300345;210166;668947;54233;385157;135281;395001
YO2209|108532;688464;322217;250570;1230410;654087;56506;176;0;0;46867;2105439;1679601;1041162;1272651;231366;686830;57205;391681;137577;424122
YO2210|107111;661871;349443;254734;1281743;649912;57480;167;0;0;48360;2217454;1652365;1131721;1261433;245184;691504;57903;371253;119798;452810
YO2211|113068;615871;370255;260570;1337019;646325;58380;170;0;0;48986;2325396;1609455;1163379;1248497;253623;702912;52139;352246;120161;479544
YO2212|125937;589403;389551;259295;1412203;641889;57123;172;0;0;48557;2471355;1579892;1307879;1237187;302902;720652;45276;359273;104053;514931
YO2301|111052;605145;432689;260978;1468752;644915;56525;158;0;0;48159;2568824;1601649;1348421;1254079;289322;761711;75441;352234;93660;520649
YO2302|116349;604021;458592;260358;1504841;624571;55834;151;0;0;48216;2667662;1580520;1417315;1220538;300776;751465;86178;356647;93879;545080
YO2303|127352;619995;474376;275517;1580424;640843;55852;143;0;0;48751;2773462;1629773;1542480;1254309;348173;805003;67510;361184;95505;529456
YO2304|132825;642874;479138;281110;1650881;648763;63935;155;0;0;51964;2854669;1677424;1637178;1293938;359656;854844;61120;360428;89187;518576
YO2305|130569;696575;488892;295553;1676016;678308;60989;165;0;0;50289;2901481;1777852;1664146;1289640;307215;863418;63268;383483;94496;539632
YO2306|196666;840522;512312;374941;1679312;839661;60321;206;0;0;51336;3118305;2195565;1803136;1557355;361304;1034205;64502;482550;117540;572405
YO2307|213435;898668;545265;392894;1734980;862810;60312;191;0;0;51805;3245373;2301565;1938579;1629282;368913;1103014;38529;505186;130186;599949
YO2308|247501;858395;598574;386693;1793521;837339;60526;187;0;0;51429;3346158;2227196;1963063;1610778;380806;1111840;69355;516542;128791;616953
YO2309|412416;860021;616519;392545;1870736;841379;59143;175;0;0;50406;3612140;2241187;2115104;1611356;411168;1086321;62148;573649;131924;633747
YO2310|425676;856237;637539;401454;1942441;859171;62014;169;0;0;52134;3767489;2275309;2204377;1650860;384191;1125899;65426;621451;136048;648186
YO2311|440576;868987;649049;412300;2029750;891782;61945;181;0;0;51861;3894506;2331276;2209687;1666319;366930;1138238;97421;671106;138948;654492
YO2312|501829;956627;693567;418208;2168857;899877;66888;184;0;0;54012;4200232;2440070;2398152;1708579;424745;1155518;130965;693059;118323;722617
YO2401|360339;949281;741033;422240;2224595;933415;67991;180;0;0;55018;4181127;2463196;2371082;1786442;402248;1204802;73633;703775;133419;723881
YO2402|416879;950365;783115;445696;2339283;979822;69672;166;0;0;55950;4433169;2542170;2407474;1823175;419056;1244384;122764;739907;137183;733130
YO2403|456502;979380;830074;469599;2460531;1040038;68775;156;0;0;55903;4703440;2670184;2470202;1980466;456110;1382241;107204;777364;161522;738983
YO2404|465125;971234;849943;469128;2484536;1085352;71910;109;0;0;57089;4794345;2703037;2571078;1909863;433156;1334342;112160;752560;177230;734471
YO2405|632718;890423;864474;470407;2567314;1195517;73358;109;0;0;57485;5080724;2727906;2775571;1825266;462599;1301162;157536;762326;171066;740493
YO2406|591973;981847;884555;478101;2659523;1233654;74532;110;0;0;56354;5178663;2867791;2886997;1805450;555496;1264061;177484;820677;174278;762519
YO2407|613544;1019821;893077;485554;2694196;1265018;85245;111;0;0;63414;5267236;2949447;2996784;1820866;501607;1296342;205999;817166;172358;771529
YO2408|625294;1122211;917142;493882;2753016;1325206;87223;117;0;0;65136;5407058;3135941;3026184;1958178;531510;1395906;229006;835710;176786;775864
YO2409|652766;1055131;938714;497339;2828886;1368620;90226;119;0;0;66959;5580802;3123600;3116510;1988733;614889;1406010;191391;862178;187847;795619
YO2410|717429;1051466;958105;497176;2833082;1366631;94870;115;0;0;70878;5661834;3113584;3165216;1988289;536965;1417390;219148;862151;191999;788972
YO2411|750821;1035867;990176;501150;2888489;1389118;98560;96;0;0;74003;5806190;3112459;3205920;1999976;538677;1400206;219646;905232;194138;806552
YO2412|867864;972554;1008391;512050;2987804;1439033;99130;119;0;0;77465;6100684;3100204;3361962;1943588;610572;1407012;227493;939527;197979;841142
YO2501|871222;1003510;981067;518304;3024028;1475512;108045;249;0;0;84024;6093062;3179935;3352523;2011363;584147;1432495;299318;959837;191612;861257
YO2502|856700;1034996;1019574;515172;3074229;1525140;114935;345;0;0;89409;6224144;3264446;3401378;2096253;626530;1480224;291373;985835;200445;870580
YO2503|839736;1308848;1070970;528441;3159051;1615504;121428;367;0;0;93779;6372400;3665387;3659292;2329472;710499;1637817;267083;1054750;227101;869675
YO2504|875343;1292934;1094823;554702;3272893;1711070;130711;381;0;0;101196;6561192;3780640;3669685;2453958;636797;1745925;228238;1082383;230665;877634
YO2505|840165;1232840;1106119;577528;3392398;1737563;135600;389;0;0;105887;6699537;3764578;3817651;2460418;665334;1736618;231167;1122463;234930;906643
YO2506|834296;1364782;1124279;584572;3493976;1807326;138556;402;0;0;102619;6867320;3984275;3990909;2492069;790351;1776773;130500;1255765;239118;954178
YO2507|981110;1277085;1136380;604333;3593527;1830367;148380;403;0;0;111334;7116513;3942769;4052126;2531641;682811;1806853;169876;1293838;251728;969159
YO2508|937679;1258923;1188442;617850;3709519;1871018;153313;372;0;0;115153;7305781;3994145;4190275;2556576;726931;1847630;161615;1342541;254570;988777
YO2509|863442;1371997;1184129;625526;3840251;1931397;157555;376;0;0;118569;7409422;4191377;4256910;2718812;808112;2000865;170482;1361757;303469;1020578
YO2510|892256;1492863;1176086;628567;3920093;1936824;170096;376;0;0;128695;7499584;4316817;4246642;2832718;756273;2102526;178233;1381651;306278;1041291
YO2511|963303;1440290;1145684;653236;4089728;1980795;177528;381;0;0;135678;7809745;4339253;4356402;2886283;759588;2135636;220661;1408023;309576;1066069
YO2512|1012826;1459982;1147777;665881;4262342;2032598;189616;389;0;0;143265;8107549;4435053;4529593;3017079;870206;2269060;235440;1449285;334593;1126655
YO2601|1032182;1658555;1074679;678778;4305166;2123118;202932;398;0;0;154364;8084534;4810531;4411806;3353293;773052;2575016;277970;1497236;349301;1152088
YO2602|1073004;1644883;1087050;659423;4411692;2143964;209565;399;0;0;161092;8282565;4762544;4479729;3381223;816817;2612284;296876;1451663;385755;1161120
YO2603|926223;1724391;1150724;729951;4579238;2166843;215298;399;0;0;163959;8416666;4904923;4611671;3335331;839536;2525370;369585;1463970;392918;1138080
YO2604|950347;1590177;1175219;685555;4670140;2199215;224998;408;0;0;172288;8610266;4757106;4743443;3315493;855337;2540371;297011;1517529;397984;1161918
YO2605|942232;1714733;1211914;686645;4780920;2234675;235509;407;0;0;180958;8847036;4929604;4872410;3435148;875662;2588633;344201;1517703;426454;1166371
YO2606|1057179;1563543;1240199;697696;4968408;2291250;244868;381;0;0;186839;9246562;4840575;5115779;3341941;954051;2474036;382780;1589112;435309;1222300
YO2607|1091345;1618463;1255413;697325;4991972;2351140;261229;389;0;0;200363;9304755;4968340;5285354;3292181;905111;2479540;322476;1717791;465960;1223004
YO2608|1127204;1700862;1271946;714389;5066696;2408997;275297;398;0;0;211436;9538284;5149163;5411138;3435963;895016;2602788;290135;1733667;473581;1242371
