KA2301|421377;2105719;473514;1436053;168656;196785
KA2302|511161;2402171;478977;1371472;166885;193016
KA2303|544144;2569609;503681;1375383;188432;215900
KA2304|593078;2654144;542418;1402656;202018;229201
KA2305|489062;2618159;561538;1375676;201827;228690
KA2306|495616;2698872;684146;1707074;233356;264853
KA2307|549220;3032262;748273;1773112;246819;279272
KA2308|598216;3258534;769401;1898848;244941;277218
KA2309|565459;3415195;758108;1880329;239238;271493
KA2310|586863;3568241;777191;1980140;262844;298777
KA2311|578963;3625429;790762;2074061;270214;306743
KA2312|576041;3900914;812948;2078876;284557;321690
KA2401|605881;3873515;840536;2092153;294902;333148
KA2402|634904;3852902;905967;2149157;306252;345729
KA2403|591052;3696137;975361;2277066;353934;397741
KA2404|635620;3988571;918387;2139265;365522;410892
KA2405|629981;4158782;881797;2019827;356512;400731
KA2406|761635;4458024;873136;2036890;358810;403165
KA2407|741323;4643570;900352;2094622;375562;422883
KA2408|732009;4677615;985733;2219075;411251;465280
KA2409|845216;4900805;979812;2109598;451432;510253
KA2410|803022;5058853;975309;2007828;472638;533507
KA2411|766363;5182009;970569;1967758;464093;522477
KA2412|855929;5502941;1002061;2040762;463513;522240
KA2501|847332;5503510;962567;2008054;495926;559576
KA2502|967640;5761344;1020428;2148812;532344;600363
KA2503|967604;5721816;1077961;2336274;599576;680745
KA2504|984764;5704964;1145006;2518410;662554;753331
KA2505|966170;5838548;1158741;2609387;681928;770173
KA2506|1145121;6178366;1203785;2636360;689368;778051
KA2507|1080863;6380138;1247025;2732245;709437;800276
KA2508|1053083;6526402;1289684;2708029;742388;836721
KA2509|1120739;6719606;1297326;2754958;891959;1004171
KA2510|1151252;6814996;1328137;2772713;991400;1114995
KA2511|1204988;7152394;1317320;2742949;1048745;1180117
KA2512|1247760;7498789;1407434;2772769;1139009;1278974
KA2601|1132766;7436980;1361223;2681156;1444682;1611245
KA2602|1190567;7565910;1386291;2668688;1498417;1667537
KA2603|1163671;7303130;1351110;2713650;1374803;1525492
KA2604|1291460;7774348;1367920;2773583;1377010;1526881
KA2605|1250030;7851635;1388712;2823915;1390141;1541235
KA2606|1328762;8090250;1368551;2759325;1286021;1422602
KA2607|1410883;8469750;1440816;3016055;1315649;1453952
KA2608|1451104;8715246;1488386;3056008;1450629;1602701
KB2301|88137;464416;221055;357639;80636;104641
KB2302|96073;510270;209415;337982;74650;95459
KB2303|102665;547100;201267;330036;80693;102979
KB2304|102894;576796;205750;333929;84281;107645
KB2305|88563;590889;225658;360300;82166;105141
KB2306|100180;617550;258305;432847;92838;119861
KB2307|98998;648001;292384;483056;98641;126782
KB2308|102546;689869;299522;487474;101798;129630
KB2309|105575;706870;295990;492797;99225;126656
KB2310|104385;717595;325347;525896;109311;139308
KB2311|101026;744521;335739;536987;112817;144530
KB2312|111819;782252;349218;578942;121219;155174
KB2401|105296;747406;358980;577428;126812;162542
KB2402|107656;774689;379653;586407;130908;168282
KB2403|100686;734879;394946;609772;152952;196600
KB2404|107668;749863;368928;592407;150131;193838
KB2405|115007;795435;348784;558094;148452;190946
KB2406|119083;803364;354328;565128;150911;194061
KB2407|126199;806149;350754;566122;157062;200805
KB2408|125945;774489;354104;606940;174203;221679
KB2409|136363;820918;349084;606255;189260;241082
KB2410|141617;837107;348097;599003;197810;251371
KB2411|134705;836656;336184;590902;200583;253360
KB2412|167835;894774;354006;640200;193035;243722
KB2501|148105;875996;347682;652304;204701;259606
KB2502|157316;877266;351339;690597;223441;282855
KB2503|162444;918994;384883;768149;246297;314985
KB2504|173305;977170;395596;803682;277737;355645
KB2505|170883;1020771;395579;808496;281478;359531
KB2506|173454;1071254;413804;845317;283064;361699
KB2507|185801;1110148;412111;843790;288454;369226
KB2508|191010;1143197;415769;882975;298534;383589
KB2509|191018;1136128;442234;918803;359525;459661
KB2510|198160;1197097;428606;897323;411999;519104
KB2511|200402;1233878;430107;902147;431222;543383
KB2512|235711;1272705;466775;950303;500193;619633
KB2601|206220;1216069;434215;903045;688724;838600
KB2602|225025;1247937;428014;899006;706684;858011
KB2603|208609;1375645;437318;922247;667338;802003
KB2604|219263;1378669;437523;945302;663633;800517
KB2605|223271;1365433;430312;946817;671944;810398
KB2606|229077;1523224;443194;945480;602598;725702
KB2607|239597;1550872;443811;962569;598843;724411
KB2608|244627;1765785;454380;1012096;645539;785365
KY2301|0;0;0;0;0;0
KY2302|0;0;0;0;0;0
KY2303|0;0;0;0;0;0
KY2304|0;0;0;0;0;0
KY2305|0;0;0;0;0;0
KY2306|0;0;0;0;0;0
KY2307|0;0;0;0;0;0
KY2308|0;0;0;0;0;0
KY2309|0;0;0;0;0;0
KY2310|0;0;0;0;0;0
KY2311|0;0;0;0;0;0
KY2312|0;0;0;0;0;0
KY2401|0;0;0;0;0;0
KY2402|0;0;0;0;0;0
KY2403|0;0;0;0;0;0
KY2404|0;0;0;0;0;0
KY2405|0;0;0;0;0;0
KY2406|0;0;0;0;0;0
KY2407|0;0;0;0;0;0
KY2408|0;0;0;0;0;0
KY2409|0;0;0;0;0;0
KY2410|0;0;0;0;0;0
KY2411|0;0;0;0;0;0
KY2412|0;0;0;0;0;0
KY2501|0;0;0;0;0;0
KY2502|0;0;0;0;0;0
KY2503|0;0;0;0;0;0
KY2504|0;0;0;0;0;0
KY2505|0;0;0;0;0;0
KY2506|0;0;0;0;0;0
KY2507|0;0;0;0;0;0
KY2508|0;0;0;0;0;0
KY2509|0;0;0;0;0;0
KY2510|0;0;0;0;0;0
KY2511|0;0;0;0;0;0
KY2512|0;0;0;0;0;0
KY2601|0;0;0;0;0;0
KY2602|0;0;0;0;0;0
KY2603|0;0;0;0;0;0
KY2604|0;0;0;0;0;0
KY2605|0;0;0;0;0;0
KY2606|0;0;0;0;0;0
KY2607|0;0;0;0;0;0
KY2608|0;0;0;0;0;0
M2301|900723;4501032;1538356;3239006;419343;479694
M2302|1011468;4914855;1534898;3110480;414251;468160
M2303|1110854;5351995;1589756;3107904;460176;515537
M2304|1196891;5599161;1695591;3186872;490614;544898
M2305|1008573;5581511;1743961;3174815;490686;542349
M2306|1099799;5967801;2103547;3884790;568313;627670
M2307|1171732;6464481;2289249;4075071;597760;657768
M2308|1239675;6759547;2334489;4211190;594851;652952
M2309|1244292;7177432;2288002;4166429;575000;635358
M2310|1225326;7463422;2348402;4306569;627663;694440
M2311|1190824;7577949;2374942;4418427;641088;707622
M2312|1272306;8113753;2410775;4481539;672070;739389
M2401|1272991;8091056;2506265;4601107;697455;767083
M2402|1343205;8104946;2620183;4703534;729382;801010
M2403|1339155;7979786;2860830;5022030;844912;927752
M2404|1367720;8415085;2702062;4737637;868508;952599
M2405|1399523;8984351;2588867;4456843;855888;934158
M2406|1649307;9531651;2530159;4429383;862120;940981
M2407|1571985;9886557;2580270;4496868;901016;984221
M2408|1613129;9997415;2791235;4777230;981090;1080056
M2409|1809588;10349304;2750449;4643299;1062217;1171640
M2410|1688421;10661012;2741671;4525197;1112640;1229198
M2411|1652190;10787029;2718820;4486221;1102703;1219445
M2412|1835244;11411406;2741122;4494641;1103767;1217559
M2501|1817146;11443301;2714912;4515466;1172723;1299031
M2502|1999230;11815351;2796338;4742587;1251224;1390401
M2503|2119397;12272238;3029977;5291182;1410327;1578465
M2504|2039196;12085735;3180916;5552325;1566435;1750373
M2505|2068218;12536328;3173936;5588088;1593725;1785298
M2506|2385032;13131435;3284821;5681772;1608714;1820998
M2507|2216602;13480906;3359944;5809333;1648547;1874465
M2508|2252094;13828739;3429167;5791206;1730858;1969754
M2509|2407863;14081490;3466232;5900385;2075921;2349714
M2510|2382434;14189535;3518326;5936649;2330790;2624197
M2511|2456981;14657042;3486742;5942078;2479927;2788458
M2512|2638602;15311801;3615730;5999233;2736206;3069515
M2601|2415071;15052084;3563483;5863653;3549979;3952798
M2602|2525710;15286020;3558979;5887433;3713183;4113782
M2603|2524765;15337570;3543298;6037438;3419149;3783406
M2604|2696339;16182897;3568786;6038661;3445865;3814313
M2605|2719936;16460484;3644917;6203126;3464625;3857345
M2606|2860865;17164807;3631019;6205589;3171073;3537276
M2607|2930112;17612754;3741348;6456207;3231331;3610351
M2608|2970167;18019642;3821691;6616924;3522695;3950324
S2301|988860;4965448;1759411;3596645;499979;584335
S2302|1107541;5425125;1744313;3448462;488901;563618
S2303|1213520;5899094;1791024;3437940;540870;618516
S2304|1299785;6175957;1901340;3520801;574895;652543
S2305|1097136;6172400;1969619;3535115;572852;647490
S2306|1199979;6585351;2361852;4317637;661152;747530
S2307|1270729;7112481;2581634;4558127;696401;784549
S2308|1342221;7449415;2634011;4698663;696648;782582
S2309|1349867;7884302;2583992;4659226;674226;762014
S2310|1329711;8181017;2673749;4832465;736974;833748
S2311|1291851;8322470;2710681;4955414;753905;852151
S2312|1384124;8896005;2759993;5060480;793289;894562
S2401|1378287;8838462;2865246;5178535;824267;929625
S2402|1450861;8879636;2999835;5289941;860290;969291
S2403|1439841;8714664;3255775;5631802;997864;1124353
S2404|1475388;9164948;3070990;5330044;1018641;1146437
S2405|1514530;9779786;2937650;5014938;1004340;1125105
S2406|1768389;10335015;2884488;4994511;1013032;1135043
S2407|1698184;10692707;2931024;5062989;1058078;1185028
S2408|1739074;10771904;3145339;5384170;1155293;1301735
S2409|1945951;11170222;3099532;5249554;1251476;1412722
S2410|1830039;11498119;3089769;5124200;1310450;1480569
S2411|1786895;11623685;3055003;5077121;1303285;1472806
S2412|2003079;12306180;3095127;5134841;1296802;1461281
S2501|1965250;12319297;3062593;5167771;1377425;1558636
S2502|2156545;12692617;3147677;5433183;1474665;1673256
S2503|2281842;13191232;3414858;6059331;1656624;1893450
S2504|2212501;13062905;3576512;6356007;1844171;2106019
S2505|2239100;13557100;3569515;6396584;1875204;2144829
S2506|2558485;14202689;3698623;6527089;1891779;2182697
S2507|2402403;14591054;3772055;6653123;1937001;2243692
S2508|2443104;14971935;3844936;6674181;2029392;2353344
S2509|2598880;15217618;3908465;6819188;2435446;2809375
S2510|2580595;15386632;3946932;6833972;2742789;3143300
S2511|2657383;15890919;3916849;6844225;2911149;3331840
S2512|2874312;16584506;4082505;6949537;3236399;3689148
S2601|2621290;16268153;3997698;6766698;4238704;4791398
S2602|2750736;16533957;3986993;6786438;4419868;4971792
S2603|2733374;16713215;3980615;6959685;4086487;4585409
S2604|2915602;17561565;4006309;6983963;4109497;4614830
S2605|2943207;17825918;4075229;7149944;4136569;4667744
S2606|3089943;18688031;4074214;7151069;3773670;4262978
S2607|3169709;19163625;4185159;7418776;3830174;4334762
S2608|3214793;19785427;4276071;7629021;4168234;4735689
YA2301|190023;1046892;457110;724554;96708;107228
YA2302|199530;1095370;456571;689585;95253;104027
YA2303|218537;1239907;451048;666973;101767;110877
YA2304|244157;1307839;482511;693225;104413;112749
YA2305|212294;1299205;501986;709600;105879;113559
YA2306|242880;1465794;597621;852003;122533;131175
YA2307|253598;1493640;660319;914008;128583;137165
YA2308|260653;1537950;675103;941351;128055;135947
YA2309|267664;1647134;655924;907755;123411;130856
YA2310|254272;1690804;675534;928420;134595;142812
YA2311|244931;1742834;681276;935025;135540;143902
YA2312|271520;1814687;688974;962623;140847;149161
YA2401|264861;1846459;714525;998995;148955;157452
YA2402|289246;1844571;737025;1021882;155938;164600
YA2403|291995;1813448;814410;1104702;179798;189807
YA2404|298944;1855437;767140;1034850;185180;195367
YA2405|306944;2049997;718811;948815;186472;196362
YA2406|332176;2186630;708629;927176;187643;197683
YA2407|329054;2246203;712779;936304;196252;206415
YA2408|349610;2293616;766265;990644;213169;224108
YA2409|349482;2331989;752070;971533;223342;234822
YA2410|348435;2436943;754157;977929;234818;246842
YA2411|347150;2399101;748300;965399;238356;250056
YA2412|368743;2546504;733609;955354;238694;250257
YA2501|385667;2587267;743955;970530;252690;264974
YA2502|405060;2652630;748771;1008601;265796;278958
YA2503|441294;2891130;824979;1201913;299970;321243
YA2504|417635;2711086;858717;1218256;335148;358743
YA2505|436716;2880249;851121;1169910;339255;363499
YA2506|449559;2962160;878724;1226437;344885;369853
YA2507|452928;3048642;890798;1238858;354378;380779
YA2508|472080;3112062;903966;1255480;376356;404155
YA2509|479011;3104975;906652;1291167;445350;480991
YA2510|474910;3127896;919655;1290901;507397;549519
YA2511|492406;3148247;908972;1317229;555996;603958
YA2512|520635;3283419;921882;1330886;614551;669041
YA2601|509254;3203298;929439;1299779;803102;870979
YA2602|518327;3240380;910491;1349085;864680;934682
YA2603|521558;3422769;917936;1388753;793227;857620
YA2604|549541;3665105;917705;1360228;811645;876789
YA2605|594243;3736438;935028;1386607;807028;873567
YA2606|578054;3958777;934189;1417444;739297;801553
YA2607|614117;3857649;983953;1473444;752723;830927
YA2608|624046;3893258;991594;1570078;810989;902499
YO2301|289323;1348421;607733;1078398;153979;175681
YO2302|300776;1417315;599350;1049421;152115;171117
YO2303|348173;1542480;635027;1065548;169977;188761
YO2304|359656;1637178;670662;1090991;184182;202947
YO2305|307215;1664146;680437;1089540;182981;200100
YO2306|361304;1803136;821781;1325713;212425;231642
YO2307|368913;1938580;880657;1387951;222358;241331
YO2308|380806;1963063;889986;1370991;221854;239787
YO2309|411168;2115105;873969;1378346;212351;233011
YO2310|384191;2204377;895676;1398009;230223;252852
YO2311|366929;2209687;902904;1409342;235333;256977
YO2312|424745;2398152;908852;1440040;246666;268538
YO2401|402248;2371081;951204;1509959;253598;276483
YO2402|419055;2407474;977190;1532495;267194;290681
YO2403|456110;2470202;1071059;1640262;311181;340205
YO2404|433156;2571079;1016535;1563524;317808;346340
YO2405|462599;2775571;988259;1488201;312903;337064
YO2406|555496;2886997;948393;1465317;315667;340133
YO2407|501607;2996784;967139;1465943;329203;354924
YO2408|531510;3026184;1039236;1567511;356670;390668
YO2409|614890;3116510;1018567;1562169;387443;426565
YO2410|536965;3165216;1012206;1539440;405185;448849
YO2411|538677;3205920;999951;1553063;400255;446912
YO2412|610572;3361962;1005451;1498525;401560;445063
YO2501|584147;3352523;1008389;1536882;424107;474481
YO2502|626531;3401378;1027139;1585173;453084;511079
YO2503|710499;3659292;1127037;1752995;510781;576477
YO2504|636796;3669685;1177193;1815659;568732;638298
YO2505|665332;3817533;1164074;1808792;572544;651626
YO2506|790352;3990909;1202311;1818976;574461;673094
YO2507|682812;4052125;1222122;1838230;584732;693411
YO2508|726931;4190275;1235517;1827698;612114;728878
YO2509|808111;4256910;1262253;1854261;738611;864552
YO2510|756273;4246642;1270534;1873035;831993;959683
YO2511|759589;4356402;1260450;1881901;875186;1004382
YO2512|870207;4529593;1286414;1895579;982646;1121500
YO2601|773052;4411806;1272821;1882718;1302195;1470574
YO2602|816817;4479730;1262197;1869660;1350087;1511564
YO2603|839536;4611671;1274250;1935036;1251119;1400294
YO2604|855337;4743444;1283162;1904850;1257210;1410643
YO2605|875662;4872410;1321177;1992605;1267456;1442543
YO2606|954051;5115778;1328280;2028820;1145755;1313122
YO2607|905111;5285354;1316580;1966707;1162960;1325473
YO2608|895016;5411139;1341711;1990838;1261077;1445125
