KA2301|458695;52613;511122;392599;3761617
KA2302|480409;54362;534605;415336;3911950
KA2303|588092;55864;643782;520639;4042248
KA2304|569249;57652;626740;500040;4193065
KA2305|570417;59779;630016;499263;4365074
KA2306|599900;60339;660076;510167;4470716
KA2307|640130;61675;701638;546290;4579312
KA2308|661106;63822;724586;569761;4763915
KA2309|655843;68282;723785;564327;4827782
KA2310|658189;68813;726663;563976;4882336
KA2311|670637;69349;739648;572033;4991279
KA2312|726736;70174;796574;624583;4992436
KA2401|734076;77127;810867;630918;5748689
KA2402|747670;78946;826286;642007;5894912
KA2403|782974;80334;862981;673936;6001227
KA2404|799744;97456;896480;674185;6093194
KA2405|806012;98104;903660;679792;6152960
KA2406|833879;98879;932358;706763;6207194
KA2407|841268;124140;965031;711561;6350934
KA2408|850859;129069;979589;715132;6513420
KA2409|887430;127183;1014277;750201;6377063
KA2410|891482;128270;1019419;756868;6535952
KA2411|920393;130989;1051021;787498;6701012
KA2412|987664;158242;1145573;866206;6690048
KA2501|1005257;168227;1173155;882665;7686114
KA2502|1021775;170825;1192288;897171;7844364
KA2503|1056611;174925;1231204;924690;8049783
KA2504|1061504;178137;1239317;923556;8228221
KA2505|1087367;181903;1268934;947425;8459311
KA2506|1180738;183626;1364034;1008115;8543605
KA2507|1200109;186548;1386321;1026962;8703977
KA2508|1232859;189322;1421876;1055720;8969289
KA2509|1286087;192060;1477836;1106757;9168327
KA2510|1328278;192442;1520402;1128053;9341694
KA2511|1396645;194444;1590770;1169019;9444550
KA2512|1522837;199010;1721517;1278544;9782372
KA2601|1532239;218101;1750002;1271492;11597930
KA2602|1551724;222674;1774030;1289515;11906630
KA2603|1543004;223148;1765721;1271247;12124013
KA2604|1584263;228408;1812202;1307253;12528884
KA2605|1591969;230717;1822200;1312081;12717398
KA2606|1639681;234839;1874012;1345870;12778384
KA2607|1640544;240386;1880365;1341574;13154900
KA2608|1680992;242380;1922819;1376446;13605084
KB2301|97617;19577;117147;84680;647730
KB2302|101003;21721;122678;88170;677370
KB2303|106491;22292;128731;92939;707671
KB2304|113101;22511;135565;99626;721261
KB2305|119472;23241;142665;105441;730690
KB2306|125308;27470;152728;107770;749600
KB2307|131395;28304;159654;113030;766269
KB2308|136356;28154;164463;118333;761039
KB2309|140792;28922;169648;122569;788974
KB2310|145755;29799;175484;126971;822956
KB2311|147607;30393;177924;128138;850861
KB2312|156552;30933;187398;136484;880110
KB2401|161457;32182;193541;141069;1068819
KB2402|169336;31835;201034;148392;1084168
KB2403|173390;33357;206615;151813;1153217
KB2404|171832;36633;208341;153088;1146533
KB2405|178253;36367;214483;158842;1186020
KB2406|184099;37324;221279;164464;1192140
KB2407|187829;37782;225453;174511;1251477
KB2408|190854;39478;230171;176887;1277163
KB2409|197673;38466;235923;183568;1275464
KB2410|198971;42595;241230;185158;1313132
KB2411|205048;43071;247915;191417;1338107
KB2412|217500;52602;269891;202041;1237784
KB2501|224542;53629;277947;208962;1449798
KB2502|239098;54564;293486;216710;1479846
KB2503|247041;56315;303193;223525;1539471
KB2504|245904;57739;303446;221635;1595240
KB2505|252471;58407;310639;227847;1597278
KB2506|259456;59199;318352;234163;1632856
KB2507|264116;60203;323982;238682;1654684
KB2508|273223;61013;333839;247293;1696231
KB2509|278809;62111;340415;254615;1774718
KB2510|311607;63998;374808;262626;1815719
KB2511|317162;64531;374218;267682;1823259
KB2512|354973;65722;418617;283472;1947425
KB2601|361919;66025;427680;289300;2461446
KB2602|372275;66692;438704;299100;2450802
KB2603|386898;67887;454541;313274;2545892
KB2604|390298;68991;459051;315374;2574120
KB2605|392454;69364;461602;316638;2619242
KB2606|405845;70913;476556;329013;2751872
KB2607|417327;72634;489760;334329;2777576
KB2608|429072;73674;502565;344622;2816309
KY2301|108650;7343;115994;97319;569197
KY2302|108995;7293;116288;97763;572319
KY2303|111874;7323;119197;100315;591779
KY2304|114899;7403;122291;103134;608563
KY2305|119816;7541;127346;107616;634917
KY2306|129000;8312;137302;113949;678383
KY2307|140916;8519;149425;125176;660695
KY2308|143896;8481;152367;128371;677340
KY2309|149665;8223;157878;134009;699609
KY2310|155635;8350;163975;139512;692754
KY2311|162205;8594;170789;145470;721314
KY2312|169522;8742;178248;152400;743830
KY2401|175428;9267;184680;158070;920974
KY2402|186188;9588;195761;168364;952642
KY2403|209027;10302;219313;187442;990281
KY2404|219035;10427;229448;197502;1013242
KY2405|227368;10460;237814;205843;1032988
KY2406|234227;10601;244814;212380;1052595
KY2407|244656;10705;255348;222564;1076403
KY2408|254623;11019;265630;231657;1113301
KY2409|267545;10527;278061;244421;1119550
KY2410|276477;10437;286903;253633;1133112
KY2411|286811;10556;297357;264025;1161833
KY2412|286579;10356;296922;274559;1195601
KY2501|297358;10952;308298;285186;1444191
KY2502|306683;11129;317800;293955;1470153
KY2503|315132;11496;326615;301969;1491166
KY2504|320545;11760;332293;307193;1523838
KY2505|333940;11892;345821;320384;1536831
KY2506|355889;12383;368261;342099;1599287
KY2507|371507;14186;385682;357503;1607403
KY2508|389310;14461;403762;375170;1659013
KY2509|401953;14117;416061;387638;1681518
KY2510|420913;14174;435079;406488;1692016
KY2511|434331;14271;448595;419765;1716873
KY2512|454226;14788;469008;439496;1764382
KY2601|467813;16247;484054;452931;2283516
KY2602|484278;16710;500982;469255;2339705
KY2603|500061;17706;517761;484855;2383418
KY2604|513683;18171;531849;498299;2486005
KY2605|525697;18441;544134;510121;2519094
KY2606|546732;18879;565607;530852;2595771
KY2607|562236;19391;581624;546120;2664163
KY2608|581108;19662;600767;564736;2727659
M2301|1310540;223641;1533738;1216146;9188549
M2302|1357839;226328;1583778;1264354;9385691
M2303|1464273;231978;1695831;1367975;9692847
M2304|1434440;229315;1663343;1335975;9986389
M2305|1472834;235685;1708125;1370569;10217133
M2306|1570809;262378;1832800;1442225;10388983
M2307|1664020;278499;1942111;1529665;10612917
M2308|1716339;279717;1995452;1584879;11047247
M2309|1741297;290410;2031093;1608600;11251517
M2310|1773990;296316;2069662;1637306;11552281
M2311|1806516;299184;2105034;1664566;11842911
M2312|1964452;298226;2262053;1818026;12159072
M2401|2005595;352218;2357177;1876570;14199584
M2402|2040594;373883;2413862;1908329;14644021
M2403|2115965;386732;2502040;1960015;15063915
M2404|2159244;407160;2565313;1970580;15277726
M2405|2201347;388320;2588826;2012363;15710313
M2406|2276368;388014;2663579;2085139;16062829
M2407|2306147;411538;2716904;2111818;16465116
M2408|2336371;421672;2757294;2134384;16783541
M2409|2421024;421050;2841280;2207071;16039237
M2410|2435545;422387;2857160;2218947;16266257
M2411|2505639;426436;2931209;2289815;16503856
M2412|2637619;474531;3111320;2428723;16214936
M2501|2718051;469281;3186532;2489161;18472186
M2502|2758901;482706;3240799;2528823;18786441
M2503|2791314;520382;3310828;2547833;19316020
M2504|2825596;532419;3357164;2574454;19806471
M2505|2905631;537920;3442639;2652411;20263778
M2506|3075722;542343;3617156;2783993;20641009
M2507|3146765;572068;3717926;2844082;21037191
M2508|3230557;578230;3807978;2922417;21533286
M2509|3356641;607234;3963104;3019663;21991304
M2510|3451248;642898;4093302;3091865;22465114
M2511|3574959;647653;4221695;3186422;22736619
M2512|3779815;681215;4460113;3372689;23451883
M2601|3802804;729101;4531004;3377302;27660101
M2602|3865729;739622;4604484;3404121;28195272
M2603|3832028;749532;4580568;3358242;28699764
M2604|3929202;762232;4690262;3445235;29672210
M2605|3982975;767283;4749165;3470285;30084114
M2606|4118070;777867;4894899;3586615;30443471
M2607|4140070;795556;4934444;3599496;30713706
M2608|4243853;810771;5053525;3687957;31542293
S2301|1516807;250561;1766879;1398145;10405476
S2302|1567837;255341;1822743;1450287;10635379
S2303|1682638;261593;1943758;1561228;10992297
S2304|1662440;259230;1921198;1538734;11316213
S2305|1712121;266466;1978136;1583626;11582741
S2306|1825117;298160;2122830;1663944;11816966
S2307|1936331;315323;2251189;1767870;12039881
S2308|1996591;316353;2312282;1831583;12485626
S2309|2031754;327554;2358619;1865178;12740100
S2310|2075380;334466;2409122;1903790;13067991
S2311|2116328;338170;2453747;1938174;13415086
S2312|2290525;337901;2627699;2106909;13783013
S2401|2342481;393667;2735399;2175708;16189377
S2402|2396118;415306;2810656;2225086;16680831
S2403|2498382;430391;2927969;2299270;17207413
S2404|2550111;454220;3003101;2321171;17437501
S2405|2606968;435147;3041123;2377048;17929321
S2406|2694694;435938;3129671;2461983;18307563
S2407|2738632;460024;3197705;2508893;18792996
S2408|2781848;472170;3253094;2542929;19174005
S2409|2886242;470043;3355264;2635060;18434252
S2410|2910994;475419;3385293;2657738;18712501
S2411|2997499;480064;3476482;2745258;19003796
S2412|3141699;537489;3678133;2905323;18648321
S2501|3239951;533863;3772777;2983309;21366176
S2502|3304682;548399;3852085;3039488;21736440
S2503|3353487;588193;3940637;3073327;22346658
S2504|3392045;601919;3992903;3103282;22925549
S2505|3492043;608219;4099100;3200642;23397887
S2506|3691067;613924;4303770;3360255;23873152
S2507|3782388;646456;4427591;3440267;24299279
S2508|3893090;653704;4545579;3544880;24888530
S2509|4037403;683461;4719580;3661916;25447539
S2510|4183768;721070;4903189;3760979;25972850
S2511|4326452;726455;5044508;3873869;26276751
S2512|4589014;761726;5347738;4095658;27163690
S2601|4632536;811373;5442738;4119533;32405063
S2602|4722281;823024;5544170;4172476;32985779
S2603|4718987;835125;5552869;4156370;33629074
S2604|4833183;849394;5681162;4258907;34732335
S2605|4901127;855089;5754901;4297044;35222450
S2606|5070647;867660;5937062;4446480;35791114
S2607|5119634;887581;6005828;4479944;36155446
S2608|5254034;904107;6156857;4597314;37086261
YA2301|329613;74061;403574;313644;2321150
YA2302|347709;74374;421989;331675;2332841
YA2303|346796;76038;422729;330516;2415960
YA2304|345929;77913;423735;329416;2495075
YA2305|360531;78427;438870;342967;2565570
YA2306|394862;91424;486189;372912;2582021
YA2307|419245;94603;513732;396353;2640840
YA2308|433822;93875;527585;411156;2769415
YA2309|447276;95852;543007;424006;2802862
YA2310|461898;97899;559670;437897;2900292
YA2311|475676;100713;576254;451178;2995839
YA2312|512250;99063;611212;487227;3097940
YA2401|535034;105390;640313;509283;3646869
YA2402|554746;122204;676831;528260;3779806
YA2403|561330;126555;687730;533888;3925004
YA2404|573478;131262;704577;546015;4025342
YA2405|604004;113840;717665;576690;4152080
YA2406|625911;115988;741712;598008;4265311
YA2407|643501;117952;761263;615380;4366743
YA2408|659836;119402;779046;631001;4481282
YA2409|678898;120860;799526;649895;4157952
YA2410|691742;120653;812188;662690;4212744
YA2411|716730;122010;838456;687337;4280517
YA2412|749363;140877;889957;716546;4117641
YA2501|774733;146055;920527;741466;4723257
YA2502|792373;148795;940886;761257;4772581
YA2503|788661;156085;944453;754382;4919712
YA2504|796285;163204;959225;761501;5056534
YA2505|823200;161654;984558;789787;5165667
YA2506|860464;164924;1025099;822620;5271445
YA2507|890110;188434;1078275;851545;5380996
YA2508|919451;188944;1108195;880432;5472462
YA2509|945279;191314;1136409;905727;5552400
YA2510|969645;223188;1192617;929715;5628943
YA2511|1001119;225584;1226468;960729;5696412
YA2512|1027362;229478;1256551;986453;5896198
YA2601|1051675;239752;1291108;1010265;7004459
YA2602|1053447;242549;1295676;1011539;7110072
YA2603|1058211;246024;1303908;1015771;7195137
YA2604|1086025;248999;1334560;1040729;7468969
YA2605|1105427;247859;1352904;1059427;7621725
YA2606|1138143;253115;1390939;1091209;7772046
YA2607|1157090;258562;1415319;1109345;7973995
YA2608|1199201;267652;1466520;1145003;8202918
YO2301|522232;96967;619042;509903;3105781
YO2302|529721;97592;627183;517343;3140899
YO2303|529385;100076;629319;516820;3234639
YO2304|519262;93751;612868;506519;3298249
YO2305|541887;97479;639239;528339;3286489
YO2306|576047;110615;686535;559145;3336245
YO2307|604645;122221;726741;587022;3392765
YO2308|621411;122020;743281;603962;3513918
YO2309|638179;126275;764302;620267;3620874
YO2310|653904;129605;783329;635434;3769654
YO2311|660204;129121;789132;641354;3855793
YO2312|725466;128989;854267;706215;4068697
YO2401|736485;169701;905997;736369;4804026
YO2402|738179;172733;910745;738062;4969303
YO2403|771661;179844;951329;752191;5137684
YO2404|786022;178442;964256;750380;5159190
YO2405|791331;176376;967501;755881;5405273
YO2406|816579;173147;989509;780367;5590323
YO2407|821379;169446;990610;784878;5747439
YO2408|825675;173202;998659;788251;5788839
YO2409|854696;173006;1027477;806974;5504222
YO2410|852321;173464;1025553;799388;5517562
YO2411|868516;173438;1041732;814979;5522327
YO2412|900592;175412;1075790;845971;5407247
YO2501|938060;155000;1092850;865030;6062816
YO2502|944753;163086;1107625;870395;6169497
YO2503|946043;189372;1135171;868761;6346526
YO2504|967807;191078;1158622;889397;6521716
YO2505|995064;194364;1189147;915199;6638800
YO2506|1034519;193793;1228024;953258;6825960
YO2507|1056546;197086;1253330;965575;6952218
YO2508|1078247;199964;1277907;986265;7091535
YO2509|1125275;223860;1348859;1007178;7270577
YO2510|1153325;227269;1380283;1034097;7494477
YO2511|1177194;227625;1404457;1056674;7595657
YO2512|1229616;252727;1482045;1107692;7773313
YO2601|1218890;271249;1489894;1095545;9057712
YO2602|1260558;274399;1534777;1103067;9178570
YO2603|1230813;280360;1510939;1071224;9380614
YO2604|1258914;284825;1543501;1097253;9674357
YO2605|1285579;288707;1574061;1098778;9744991
YO2606|1340245;289914;1629948;1149536;9893042
YO2607|1342436;296608;1638759;1148576;9584812
YO2608|1363659;300739;1664186;1166507;9734291
