KA2301|3714;35;63327;229
KA2302|3720;35;63702;227
KA2303|3721;35;64978;228
KA2304|3722;35;64652;230
KA2305|3724;35;64707;230
KA2306|3735;35;64646;232
KA2307|3733;35;64314;247
KA2308|3737;35;64695;256
KA2309|3742;35;65093;254
KA2310|3746;35;64776;255
KA2311|3749;35;64739;255
KA2312|3757;35;65129;257
KA2401|3765;36;65008;253
KA2402|3775;36;66311;255
KA2403|3779;36;66413;255
KA2404|3785;36;66229;255
KA2405|3786;37;66066;257
KA2406|3787;37;65931;258
KA2407|3785;37;65370;252
KA2408|3792;37;65005;255
KA2409|3798;37;65455;257
KA2410|3801;37;65569;257
KA2411|3804;39;65422;255
KA2412|3796;40;65491;249
KA2501|3809;41;65943;247
KA2502|3810;42;66331;247
KA2503|3808;42;66616;257
KA2504|3811;42;66410;267
KA2505|3815;42;66316;268
KA2506|3815;37;66298;266
KA2507|3814;37;66261;263
KA2508|3816;37;66505;265
KA2509|3819;37;66530;266
KA2510|3819;38;66395;265
KA2511|3821;38;66763;266
KA2512|3817;38;67325;266
KA2601|3819;38;67263;262
KA2602|3816;38;67208;263
KA2603|3817;38;67188;266
KA2604|3813;38;67004;262
KA2605|3816;39;66953;263
KA2606|3819;39;66912;264
KA2607|3818;39;67903;279
KA2608|3821;39;67894;286
KB2301|1385;4;18075;41
KB2302|1387;4;18380;40
KB2303|1398;4;18373;40
KB2304|1402;4;18450;40
KB2305|1407;4;18612;40
KB2306|1413;4;18723;42
KB2307|1415;4;18871;46
KB2308|1423;5;19190;47
KB2309|1434;5;19526;45
KB2310|1441;5;19632;36
KB2311|1449;5;19656;37
KB2312|1455;5;19796;38
KB2401|1457;5;20195;37
KB2402|1465;5;20498;37
KB2403|1469;5;20475;37
KB2404|1461;5;20566;36
KB2405|1475;5;20575;40
KB2406|1481;5;20725;39
KB2407|1484;5;21036;41
KB2408|1490;5;21126;43
KB2409|1498;5;21067;44
KB2410|1504;5;21311;45
KB2411|1504;5;21319;46
KB2412|1507;5;21312;47
KB2501|1509;5;21386;46
KB2502|1512;5;21671;46
KB2503|1515;5;21882;46
KB2504|1485;5;21824;45
KB2505|1491;5;21888;45
KB2506|1494;5;21925;47
KB2507|1497;6;22152;49
KB2508|1509;6;22306;49
KB2509|1514;5;22466;50
KB2510|1516;5;22486;50
KB2511|1523;5;22607;49
KB2512|1493;5;22494;51
KB2601|1493;5;22398;52
KB2602|1497;6;22478;54
KB2603|1501;6;22722;51
KB2604|1501;6;22738;51
KB2605|1501;6;22729;51
KB2606|1502;6;22725;51
KB2607|1504;6;23034;51
KB2608|1507;6;22822;52
KY2301|68;0;5724;0
KY2302|68;0;5609;0
KY2303|68;0;5603;0
KY2304|68;0;5884;0
KY2305|68;0;5957;0
KY2306|68;0;6061;0
KY2307|68;0;6064;0
KY2308|69;0;6079;0
KY2309|69;0;6127;0
KY2310|69;0;6234;0
KY2311|69;0;6274;0
KY2312|69;0;6322;0
KY2401|69;0;6316;0
KY2402|69;0;6308;0
KY2403|70;0;6323;0
KY2404|70;0;6319;0
KY2405|70;0;6340;0
KY2406|72;0;6352;0
KY2407|73;0;6370;0
KY2408|73;0;6408;0
KY2409|76;0;6479;0
KY2410|76;0;6521;0
KY2411|76;0;6546;0
KY2412|76;0;6528;0
KY2501|76;0;6466;0
KY2502|76;0;6496;0
KY2503|76;0;6542;0
KY2504|76;0;6549;0
KY2505|77;0;6513;0
KY2506|77;0;6513;0
KY2507|77;0;6578;0
KY2508|77;0;6591;0
KY2509|77;0;6594;0
KY2510|78;0;6702;0
KY2511|78;0;6726;0
KY2512|79;0;6732;0
KY2601|78;0;6705;0
KY2602|79;0;6752;0
KY2603|79;0;6778;0
KY2604|79;0;6794;0
KY2605|79;0;6808;0
KY2606|80;0;6862;0
KY2607|82;0;6879;0
KY2608|84;0;6877;0
M2301|9514;72;183868;791
M2302|9525;72;184330;792
M2303|9518;72;184528;795
M2304|9509;72;181817;795
M2305|9489;73;181755;789
M2306|9489;74;181709;796
M2307|9485;74;181707;809
M2308|9468;74;181932;817
M2309|9463;74;182082;818
M2310|9445;74;181686;821
M2311|9427;74;181587;823
M2312|9347;74;181720;853
M2401|9352;75;182103;856
M2402|9346;75;182786;835
M2403|9335;75;182636;870
M2404|9325;75;182579;880
M2405|9321;76;182312;877
M2406|9304;76;182217;877
M2407|9301;76;181946;873
M2408|9309;76;181376;879
M2409|9303;76;181002;891
M2410|9269;76;181043;894
M2411|9251;78;180860;890
M2412|9167;78;180269;885
M2501|9178;79;180283;883
M2502|9176;80;180940;884
M2503|9165;80;181349;894
M2504|9154;80;181155;907
M2505|9136;80;181342;911
M2506|9159;75;181307;911
M2507|9156;75;181486;903
M2508|9129;75;181404;905
M2509|9110;75;180102;890
M2510|9090;76;181054;892
M2511|9065;76;180965;897
M2512|8997;76;181619;899
M2601|9001;74;181124;897
M2602|8995;74;181008;890
M2603|8994;74;180975;897
M2604|8983;74;180792;892
M2605|8987;75;180884;882
M2606|8990;75;180398;881
M2607|8954;75;181096;889
M2608|8937;75;180637;901
S2301|10967;76;207667;832
S2302|10980;76;208319;832
S2303|10984;76;208504;835
S2304|10979;76;206151;835
S2305|10964;77;206324;829
S2306|10970;78;206493;838
S2307|10968;78;206642;855
S2308|10960;79;207201;864
S2309|10966;79;207735;863
S2310|10955;79;207552;857
S2311|10945;79;207517;860
S2312|10871;79;207838;891
S2401|10878;80;208614;893
S2402|10880;80;209592;872
S2403|10874;80;209434;907
S2404|10856;80;209464;916
S2405|10866;81;209227;917
S2406|10857;81;209294;916
S2407|10858;81;209352;914
S2408|10872;81;208910;922
S2409|10877;81;208548;935
S2410|10849;81;208875;939
S2411|10831;83;208725;936
S2412|10750;83;208109;932
S2501|10763;84;208135;929
S2502|10764;85;209107;930
S2503|10756;85;209773;940
S2504|10715;85;209528;952
S2505|10704;85;209743;956
S2506|10730;80;209745;958
S2507|10730;81;210216;952
S2508|10715;81;210301;954
S2509|10701;80;209162;940
S2510|10684;81;210242;942
S2511|10666;81;210298;946
S2512|10569;81;210845;950
S2601|10572;79;210227;949
S2602|10571;80;210238;944
S2603|10574;80;210475;948
S2604|10563;80;210324;943
S2605|10567;81;210421;933
S2606|10572;81;209985;932
S2607|10540;81;211009;940
S2608|10528;81;210336;953
YA2301|2331;10;53099;134
YA2302|2334;10;53230;136
YA2303|2330;10;52979;134
YA2304|2326;10;52856;134
YA2305|2306;11;53052;130
YA2306|2302;11;52718;131
YA2307|2302;11;52890;133
YA2308|2295;11;52852;130
YA2309|2288;11;52734;135
YA2310|2279;11;52664;136
YA2311|2264;11;52516;136
YA2312|2203;11;52323;158
YA2401|2200;11;52505;157
YA2402|2200;11;52523;134
YA2403|2190;11;52323;166
YA2404|2178;11;52426;167
YA2405|2164;11;52465;165
YA2406|2162;11;52374;160
YA2407|2164;11;52706;160
YA2408|2163;11;52967;160
YA2409|2157;11;52747;166
YA2410|2148;11;52831;168
YA2411|2139;11;52738;168
YA2412|2083;10;52349;164
YA2501|2083;10;52335;163
YA2502|2082;10;52269;162
YA2503|2073;10;52174;162
YA2504|2061;10;52170;164
YA2505|2042;10;52162;164
YA2506|2063;10;52035;165
YA2507|2063;10;52166;162
YA2508|2041;10;52039;160
YA2509|2019;10;50573;158
YA2510|2017;10;51802;158
YA2511|2000;10;51556;160
YA2512|1987;10;51525;160
YA2601|1988;8;51422;161
YA2602|1989;8;51479;159
YA2603|1991;8;51470;160
YA2604|1992;8;51522;160
YA2605|1994;8;51677;153
YA2606|1998;8;51366;152
YA2607|1972;8;51099;150
YA2608|1966;8;50825;148
YO2301|3469;27;67442;428
YO2302|3471;27;67398;429
YO2303|3467;27;66571;433
YO2304|3461;27;64309;431
YO2305|3459;27;63996;429
YO2306|3452;28;64345;433
YO2307|3450;28;64503;429
YO2308|3436;28;64385;431
YO2309|3433;28;64255;429
YO2310|3420;28;64246;430
YO2311|3414;28;64332;432
YO2312|3387;28;64268;438
YO2401|3387;28;64590;446
YO2402|3371;28;63952;446
YO2403|3366;28;63900;449
YO2404|3362;28;63924;458
YO2405|3371;28;63781;455
YO2406|3355;28;63912;459
YO2407|3352;28;63870;461
YO2408|3354;28;63404;464
YO2409|3348;28;62800;468
YO2410|3320;28;62643;469
YO2411|3308;28;62700;467
YO2412|3288;28;62429;472
YO2501|3286;28;62005;473
YO2502|3284;28;62340;475
YO2503|3284;28;62559;475
YO2504|3282;28;62575;476
YO2505|3279;28;62864;479
YO2506|3281;28;62974;480
YO2507|3279;28;63059;478
YO2508|3272;28;62860;480
YO2509|3272;28;62999;466
YO2510|3254;28;62857;469
YO2511|3244;28;62646;471
YO2512|3193;28;62769;473
YO2601|3194;28;62439;474
YO2602|3190;28;62321;468
YO2603|3186;28;62317;471
YO2604|3178;28;62266;470
YO2605|3177;28;62254;466
YO2606|3173;28;62120;465
YO2607|3164;28;62094;460
YO2608|3150;28;61918;467
