KA2201|26789;16530;1975;522;246;1744;1674;1716;4231;1266;4813;17835;7837;498;9814;5013;1704;1262;2680;185
KA2202|53630;32443;3996;1136;-1393;3242;3217;3679;7218;3115;8670;34707;16743;950;19770;9646;3027;2321;4219;395
KA2203|87135;50785;6699;1820;264;6097;5176;6636;16267;7745;11763;54814;28854;1500;32008;14470;4307;4107;9160;692
KA2204|121470;68831;9583;2701;-491;8553;6874;8922;23232;6969;21586;74380;42396;1961;44263;18952;5615;5706;13684;1038
KA2205|160883;88956;12637;3688;-619;9923;8878;10992;31502;9527;29279;97054;58008;2251;57490;24341;7124;6717;18720;1365
KA2206|203842;110390;16179;4677;-1156;13417;10821;14821;47316;13431;30826;119615;77247;2528;71028;30126;9237;8576;20929;1666
KA2207|261249;134903;19399;5572;-491;14623;13337;17238;66092;16657;40983;145077;107941;2776;87440;35940;11524;10157;30742;1951
KA2208|304704;159846;23117;6832;-609;16218;15682;20680;68111;20251;52027;170801;123954;3390;105564;40990;13293;10294;31355;2394
KA2209|353885;185674;27139;7840;-118;18897;17970;23453;89597;25868;49399;197318;144823;4105;123840;45709;16126;12327;40496;2763
KA2210|402819;212220;30894;8813;-79;20597;20613;26608;93991;30073;61912;225199;163851;4935;143407;50060;18751;12710;46011;3045
KA2211|454235;239720;34820;9880;674;21671;23238;30140;100125;33965;74333;253665;184684;5885;164276;54364;21080;13218;50721;3293
KA2212|537484;270159;39587;10758;1003;25049;26043;36255;141203;38783;79921;284095;235172;6941;187450;59566;23143;16147;77052;3658
KA2301|49708;33918;4667;1087;-943;9648;4617;5147;11121;1885;5304;31117;16327;998;26719;5012;2187;972;9530;309
KA2302|95864;67504;9022;2236;-304;16447;8655;13400;18343;2219;8671;59314;32132;1964;53457;9646;4401;1465;15648;542
KA2303|151860;108511;14622;3442;1759;9350;12601;18218;18058;1425;15335;92540;52259;3242;86860;15167;6485;2394;14349;1226
KA2304|206657;151893;20118;4743;5397;13736;17114;23903;23179;3458;21616;127149;69803;4519;121836;21183;8874;4264;17009;1623
KA2305|268155;204561;27070;6511;11084;21529;21476;30961;30215;5501;28615;165817;90246;5464;164714;27695;12152;6798;20998;1966
KA2306|336299;268807;34067;8056;30239;23537;25613;37805;39519;8084;36255;209394;112519;6353;214401;38676;15730;8726;27340;2311
KA2307|421042;341370;42112;10757;35664;26372;30992;44575;48578;4718;44202;257177;147043;7274;273957;49098;18314;9586;32648;2626
KA2308|510492;405466;51114;14217;39253;30594;35920;52390;54966;10080;58416;310674;175418;13256;335206;58591;11669;10593;36526;2949
KA2309|631125;487781;62143;17735;37834;34481;40998;59881;63784;17121;78282;375806;227853;14245;405314;70089;12379;10779;50355;3569
KA2310|751253;588685;73569;22092;31488;38337;46411;67576;70141;15423;84321;454112;266618;15517;491478;82661;14546;11418;53451;4062
KA2311|890292;696472;86402;26833;27687;42066;52441;76228;74219;21265;98989;540934;315083;17035;585455;95877;15139;12788;56206;4479
KA2312|1052391;822971;101736;31567;16602;49327;58226;87808;91749;2636;125100;637659;375044;20639;697054;109871;16046;20430;63098;5403
KA2401|143818;131413;15282;5378;-7475;12111;7971;9790;13648;-6150;1685;98363;36981;6631;117995;11970;1447;1890;10755;743
KA2402|287948;255035;31282;11110;-15431;21239;15741;18391;19164;-5256;10852;197962;74799;11583;226065;26829;2141;3155;14846;1493
KA2403|455639;395807;48859;16246;-23679;39208;23385;27376;30346;-7409;34276;310015;117997;22158;344821;47481;3506;5150;23111;2134
KA2404|621262;541895;65478;22142;-36902;42370;31416;36882;31786;-7096;35186;424299;161549;27824;468009;68577;5309;6521;22727;2856
KA2405|810857;708034;84124;28777;-45389;47416;38681;47563;37286;-5256;41924;549374;206284;45529;611331;89212;7491;8813;24191;3851
KA2406|1001651;881573;101936;34610;-50156;65545;49470;57240;44182;-6271;58170;672577;254439;62468;755599;116050;9924;11760;26210;4661
KA2407|1204546;1061780;121418;42070;-51974;71565;57634;68963;56248;-3884;62742;804063;308288;78157;909636;140920;11223;18011;26192;5652
KA2408|1405797;1249288;140472;49382;-54740;77552;66025;79361;59288;-1230;66967;939714;356360;93817;1066097;170831;12359;21187;29160;7722
KA2409|1618429;1433936;162800;56631;-54529;84354;74873;88780;62402;5507;88924;1073904;408241;118258;1218790;202330;12816;25055;30974;9330
KA2410|1849431;1629393;183524;64702;-56002;88424;82697;101024;66951;14032;106577;1217062;477317;135040;1383800;232030;13564;28443;33875;13157
KA2411|2086263;1828044;204168;72614;-52876;91776;91528;112492;74336;20538;129780;1355939;546104;162249;1548518;265238;14287;31429;36757;14341
KA2412|2353913;2042961;228813;81266;-56105;101946;99272;129383;92774;26550;156360;1511287;620873;196996;1724834;303107;15020;31541;48846;17373
KA2501|247270;222470;22569;8154;542;21035;11136;14549;25276;2650;7183;152193;57434;35499;179931;39650;2889;5413;18797;2360
KA2502|476823;419809;44233;16228;4059;33955;21865;28395;37893;8686;26196;293240;110886;68604;337391;76912;5506;10534;25718;5674
KA2503|735974;640503;69131;24486;4585;55417;34013;42981;52737;10590;59798;455019;170824;103675;514743;116475;9284;17365;32778;8188
KA2504|983991;854914;94837;34271;3957;65361;50091;60977;67508;14334;66051;614991;235140;125202;684557;158600;11757;25343;39026;11157
KA2505|1251596;1090283;121153;45126;-2673;90602;63406;77209;85212;18654;80789;786253;301795;152556;868632;207527;14124;32659;48579;14897
KA2506|1555308;1338050;149664;55680;-8449;99615;76932;92454;100402;26370;106250;956687;397377;187872;1063984;256843;17223;41382;54241;16465
KA2507|1836332;1584080;179336;67573;-12813;107695;89333;110457;114907;29757;114441;1141620;467918;210807;1262305;300781;20995;48454;59714;20853
KA2508|2146489;1831735;208405;78762;-20453;115941;101666;127166;130864;38003;142186;1337078;536508;254250;1456920;349665;25150;59328;64842;35051
KA2509|2437920;2072325;240908;90242;-25737;135546;115367;144956;143597;45567;176584;1519458;609604;287537;1645409;399804;27113;69611;68488;36574
KA2510|2741481;2319026;271793;102310;-33346;142464;128105;167146;153908;55367;196533;1709852;683664;323849;1838691;451105;29230;76011;71734;39351
KA2511|3047757;2555306;301494;113503;-41796;150676;142927;185346;164828;67896;228326;1896990;769691;353594;2027495;496579;31233;82189;74116;42166
KA2512|3386044;2804384;337864;126353;-48635;169425;157903;210060;193575;93393;259029;2100051;868656;385629;2231201;539550;33634;94307;84639;49418
KA2601|314342;256173;30560;10876;-5968;20014;16042;23299;26147;8233;18180;201415;71056;38853;206128;46385;3660;11257;14039;3940
KA2602|601390;481396;60569;22766;-14242;34289;31793;44564;45734;17390;38364;389245;138297;67904;384543;89643;7210;20879;23323;7676
KA2603|931079;736307;97671;36474;-24750;52382;47901;71273;67650;28602;68175;605982;216085;98576;579603;146107;10596;33439;31969;14537
KA2604|1248361;991059;132692;50967;-36630;69573;72562;98123;85041;32806;83437;816585;290108;128056;783026;194900;13132;43880;38173;18871
KA2605|1596023;1269013;165594;65808;-53303;79315;91965;124475;101433;38584;96352;1036838;382531;159877;1002488;250752;15773;53811;42689;23003
KA2606|1946252;1547608;209592;82258;-67230;95277;111394;150180;126842;43351;122258;1259961;472809;192774;1223204;305997;18407;70576;49945;29400
KA2607|2315440;1841165;249270;99276;-82853;107751;131019;180593;150300;49844;137409;1493539;569059;228631;1456791;363646;20727;84801;55030;33384
KA2608|2682534;2141814;290546;118080;-91849;116512;150302;203241;164468;59671;160166;1734597;651854;267623;1698301;420563;22950;99370;56770;39341
KB2201|4824;2319;307;159;789;983;635;427;1562;427;1375;3113;1286;302;1932;333;55;345;841;35
KB2202|11123;4717;637;349;1524;1812;1086;869;3098;1277;3700;6339;3892;650;4064;568;85;636;1778;111
KB2203|18588;7743;1059;564;2364;2401;1689;1443;6265;1802;4907;10381;6781;1015;6789;821;133;1436;3512;144
KB2204|25124;10839;1496;738;2992;2664;2203;1933;7167;2254;7139;14462;8750;1341;9566;1106;167;1799;3823;176
KB2205|33759;14478;1943;854;4303;2798;2664;2447;8606;3371;10384;19359;11960;1697;12724;1548;205;2510;4023;203
KB2206|43188;18480;2445;1094;5358;3489;3139;3021;10614;4549;13583;24604;15634;2028;16245;1961;275;3068;4983;239
KB2207|52170;23348;2909;1313;6427;3861;3923;3555;11524;5392;16313;30578;18047;2420;20756;2269;323;3600;5537;294
KB2208|62442;28567;3453;1460;7858;4639;4592;4144;13737;6643;19248;36927;21303;2863;25615;2586;366;4078;6104;339
KB2209|72029;33637;4066;1776;9553;5365;5261;4915;17208;7317;20898;43431;23627;3334;30307;2920;410;4325;8392;359
KB2210|82087;38856;4726;2335;11702;5588;5945;5617;19227;8444;23678;50358;25931;3832;35163;3239;453;5033;8967;380
KB2211|93605;44206;5516;2787;12496;5818;6607;6540;20684;9582;27031;57302;29605;4406;40096;3560;550;5299;8982;402
KB2212|106994;49842;6277;3271;14218;6560;7465;7633;25278;10860;29699;65241;34078;5039;45350;3862;631;5800;10465;430
KB2301|11328;5935;987;488;1530;2590;1605;1039;2812;1169;3387;7335;2889;736;5394;334;208;291;2046;50
KB2302|21041;11915;2033;946;3284;4594;2901;2560;5385;1640;5607;14024;4768;1533;10876;679;359;742;3976;75
KB2303|35233;18488;3409;1407;4991;6097;4259;5549;8142;2903;8984;21689;9869;2527;17048;1151;288;1118;5987;111
KB2304|47603;25303;4680;1698;8156;6066;5489;6038;10682;3346;13950;29348;13186;3496;23330;1638;336;2130;6694;140
KB2305|60655;33078;6060;2051;12401;6572;6589;7186;12980;4781;19025;37547;16197;4874;30508;2165;404;2663;7935;178
KB2306|74905;42031;7658;2400;17608;6814;7692;8143;16806;6723;23193;46126;19722;6574;38656;2915;459;3426;10116;210
KB2307|89229;51836;10161;2892;20788;7560;9368;9309;18987;9167;26178;54900;21513;9856;47710;3607;520;3640;10424;247
KB2308|105490;62944;13919;3395;22412;7768;10960;10570;18765;11224;31730;64139;25802;12126;58075;4235;632;4334;9666;271
KB2309|127439;76125;16087;3937;24495;8313;12531;12033;19482;13913;38312;74856;34001;14686;70391;5026;708;4674;9835;356
KB2310|152488;91864;18166;4698;26264;8990;14076;13449;20858;16504;44458;87895;42590;17564;85070;6015;779;5021;10661;387
KB2311|175645;109467;20350;5761;27417;9766;15697;14976;22596;17360;47322;102679;47642;20381;101294;7327;846;5271;11004;407
KB2312|203506;128964;22591;6759;30771;12173;17335;16908;29369;16458;53250;121926;52451;23651;119201;8828;936;5977;12311;442
KB2401|27403;22186;2625;1161;2086;4769;3701;1991;3611;834;3399;18544;4888;3421;20353;1724;110;494;1868;52
KB2402|54271;44118;5165;2245;3298;8471;6753;4016;6780;1357;5936;37160;9509;6523;40532;3403;183;2312;2755;107
KB2403|87074;68684;8310;3418;6379;12799;9558;6184;9445;3795;13477;59022;16307;10131;62791;5504;388;3084;3389;203
KB2404|121467;93608;10908;5052;7046;14305;12321;8360;10832;5396;18157;80774;22041;16512;85300;7771;537;3716;3636;260
KB2405|156371;121494;13914;6557;9689;16453;14850;11738;12969;6312;22507;103653;27348;22682;110441;10340;713;4131;3966;325
KB2406|192268;149612;17178;7844;11390;18503;17576;13175;13213;8218;29701;126437;32862;29753;135113;13663;837;4476;4650;391
KB2407|228498;179639;20450;9169;14759;20707;20442;15558;16594;9274;33737;150831;38706;35188;161614;17059;967;5222;5738;485
KB2408|264791;210267;23895;10470;18133;21429;23544;17999;20532;9565;35871;175867;43648;40952;188566;20573;1129;6076;7575;631
KB2409|305240;241243;27684;11878;22631;24112;26345;20739;21863;12617;44983;200511;49477;50396;215756;24179;1308;6742;5685;755
KB2410|344813;273612;31682;13368;26357;25100;29397;24344;24911;13883;48434;226162;54981;58255;243803;28249;1560;7990;6719;883
KB2411|383901;306535;35593;14816;31020;28076;32387;26892;27160;16056;54744;251383;60869;65688;271778;32912;1845;9216;5937;1071
KB2412|430441;340277;40204;16648;39835;28815;35308;30634;35260;17799;63368;279519;67131;77243;299973;38295;2009;11296;8031;1372
KB2501|43507;35763;4552;1964;6379;5209;6300;4234;5718;1418;4251;26997;6287;9615;29509;6048;206;1506;2490;251
KB2502|81193;67397;8829;3622;12043;17925;10658;6638;8274;4594;18805;52118;11354;16528;55455;11532;410;3057;2630;495
KB2503|128166;102725;14111;5937;17899;20827;15285;10833;12235;6911;27076;81848;19483;24963;84658;17402;664;4709;4011;898
KB2504|173674;139192;19368;8125;22817;23782;20020;15652;18265;8076;30310;112157;26050;32900;115240;23033;918;7880;6275;1246
KB2505|222695;179005;25366;10723;26759;25479;24383;19270;22356;9501;35061;144855;33070;41500;148916;28930;1160;9784;6913;1755
KB2506|273981;220280;31072;13033;31774;27769;28426;22938;27986;10200;41733;177832;40637;51516;184038;34879;1362;12233;7011;2264
KB2507|326883;264014;37300;15731;35794;28745;33496;27094;31887;11046;45453;213238;47774;61097;220884;41515;1615;14663;7848;2806
KB2508|381001;308302;43463;18330;40925;29678;37938;30848;36833;12522;50292;249199;55376;70838;257669;48779;1854;16973;9406;3449
KB2509|436026;351579;50365;21206;48118;31387;42377;35196;40775;15107;59659;284523;63741;81346;292648;56651;2279;19977;10583;4103
KB2510|493032;395608;57408;24303;55126;31091;47000;39651;45800;17482;66813;321929;72867;90958;327850;65143;2614;22605;12037;4900
KB2511|550553;438909;64215;27383;60426;31977;51888;43722;51410;20145;73715;358858;82933;100623;362778;73047;3083;25570;13552;5634
KB2512|616544;484037;72274;30876;68546;33590;56553;50931;57207;25705;85645;402956;93314;111161;399615;80816;3607;28692;13363;6174
KB2601|60956;46460;7230;3470;6614;8373;8083;5728;10748;4061;4624;39934;9113;10934;37814;7923;724;5876;2849;965
KB2602|116941;88070;14655;7012;13470;12775;15593;11414;16586;5369;13796;76807;17801;20430;71079;15706;1284;9869;3522;1974
KB2603|189972;135562;23718;10691;23933;15087;23327;18083;24895;11141;29011;125097;30040;31798;109345;24285;1931;12111;4606;3445
KB2604|255272;183638;32438;14766;27966;17736;29475;23956;31239;13707;36629;167338;41069;42747;148735;32475;2427;15886;6361;4119
KB2605|322867;235681;40917;18801;30860;19888;35787;29464;38525;15007;41266;211458;51879;54319;190889;41740;3052;21308;6781;5277
KB2606|395778;290023;51174;22794;35835;22758;42057;36455;44153;17789;52275;258151;64170;67076;234118;51558;4347;26119;6818;7414
KB2607|470496;348493;60896;27341;40514;24065;49127;42873;51789;19423;56922;306380;75658;80784;281523;61468;5502;30645;9347;8512
KB2608|547898;411038;70685;31933;47445;25294;55515;48584;57256;22261;64735;356432;87439;95058;332170;72390;6480;35152;10024;9899
KY2201|2623;1097;345;139;212;193;260;141;392;216;1129;1550;386;663;0;974;122;82;67;9
KY2202|5458;2196;673;290;390;353;455;288;802;407;2438;3159;962;1292;0;1965;231;130;245;16
KY2203|9026;3670;1109;513;779;943;665;519;1317;969;4205;5084;1830;2016;0;3180;490;207;402;25
KY2204|12144;5026;1610;715;915;1043;915;714;1430;1197;5714;6807;2430;2760;0;4347;678;223;364;40
KY2205|16351;6868;2020;921;1382;1210;1085;1081;2143;1435;7429;9167;3439;3572;0;5893;976;454;757;51
KY2206|20456;8687;2520;1087;1670;1886;1314;1301;2891;2058;9193;11359;4392;4496;0;7435;1253;1134;810;62
KY2207|25123;10848;2942;1231;2115;2010;1756;1538;3536;2307;10972;13981;5243;5657;0;9313;1535;1450;1091;79
KY2208|29867;13159;3397;1390;2424;2154;2035;1841;3779;2655;12981;16736;6155;6700;0;11313;1846;1581;1181;98
KY2209|34898;15496;4016;1569;2800;2575;2434;2022;4266;3374;15129;19613;7305;7666;0;13399;2096;1813;1331;112
KY2210|40003;18026;4532;1754;2855;2975;2761;2295;4532;3725;17272;22715;8224;8707;0;15703;2323;1839;1525;121
KY2211|45401;20770;5138;1928;2984;3175;3038;2605;4955;4041;19362;25998;9288;9718;0;18164;2606;2058;1688;129
KY2212|51312;23875;5883;2137;3601;4235;3286;2995;5979;4884;21874;29668;10385;10821;0;20967;2908;2192;2153;162
KY2301|6108;3374;831;269;548;679;577;378;381;454;2732;3889;1005;1171;0;3026;348;39;191;10
KY2302|11524;6470;1229;387;457;1087;927;1411;366;639;4098;7418;1802;2222;0;5901;570;54;142;22
KY2303|18424;10413;2152;652;863;348;1330;1043;577;1396;6374;11821;3052;3425;0;9342;1070;81;172;40
KY2304|25579;14341;3031;903;1819;484;1833;1414;990;1881;9551;16292;4254;4862;0;12884;1457;86;223;48
KY2305|33314;18790;3795;1143;3629;771;2277;2071;961;2520;13746;21403;4973;6713;0;16942;1850;98;297;144
KY2306|44101;25002;4774;1430;6213;1209;2795;2494;3118;4110;17345;28416;6398;9004;0;22499;2503;127;1703;193
KY2307|53535;30336;5953;1800;7034;1775;3571;2972;3552;4955;21112;34489;7358;11352;0;27355;2980;153;1999;193
KY2308|62786;35317;7109;2135;7719;1956;4225;3446;3968;6181;24298;40371;8425;13601;0;31848;3470;248;2097;209
KY2309|74455;41114;8400;2452;7514;3478;4833;4179;3988;8378;28905;46930;10505;16576;0;36879;4236;278;2006;232
KY2310|87917;48214;9618;2813;7435;3679;5932;4773;4392;9408;33119;54775;12343;20301;0;43027;5187;550;2041;245
KY2311|102061;55716;10781;3182;7149;3914;6639;5412;4997;10414;37545;63387;13994;24120;0;49785;5930;750;2341;261
KY2312|117807;64147;11946;3628;7152;5668;7777;6413;8864;10850;40893;73020;15711;28450;0;57471;6676;1835;2861;280
KY2401|16911;9334;1220;321;-633;551;1403;678;828;1074;4410;10338;1639;4873;0;8474;860;224;232;48
KY2402|34159;18911;2551;690;-1033;917;2330;1489;1527;2193;9454;20841;3356;9828;0;17190;1720;277;583;66
KY2403|54381;29904;4210;1181;-564;1553;3485;2447;2230;3919;16413;33238;5819;15101;0;27116;2787;356;803;110
KY2404|74373;40504;5851;1746;-1725;2449;4625;3188;2722;5463;22700;45566;7952;20548;0;36789;3715;376;930;125
KY2405|95544;52027;7616;2242;-2192;2857;5615;4278;3119;7049;29494;58678;9960;26494;0;47334;4693;396;995;160
KY2406|117648;64086;9103;2595;-123;3664;6627;5007;4030;8416;39529;72285;12083;32755;0;58329;5756;591;1227;227
KY2407|141684;77478;10490;2955;-2700;3980;8076;5802;4807;9891;44446;86854;14282;39943;0;70410;7069;808;1445;246
KY2408|166366;91312;12096;3477;-2855;4299;9214;6511;5509;11787;52094;102351;16482;46847;0;83060;8252;844;1788;265
KY2409|190853;104828;13604;3837;-934;6112;10428;7406;6300;13508;63328;117091;18953;54011;0;95237;9591;854;2273;290
KY2410|215608;118231;15081;4471;-1124;6673;11827;8009;6583;15342;71775;132231;21365;61089;0;107476;10754;972;2050;370
KY2411|239946;131064;16537;4928;-1038;6961;13007;9011;6884;17141;80370;146809;24154;67958;0;118807;12256;901;2173;391
KY2412|265289;144603;18484;5635;75;8689;14264;10658;8312;19093;89975;162290;26916;74927;0;130860;13744;1424;1804;410
KY2501|25949;13799;1906;631;284;1017;1795;862;1550;1980;8541;15523;2773;7516;0;12030;1769;104;449;27
KY2502|49268;26728;4000;1434;891;1361;3290;1862;2754;3635;15818;29629;5277;14104;0;23057;3671;173;689;41
KY2503|77640;42041;5946;2163;1456;3195;4879;3004;4429;5935;25787;46449;8984;21806;0;36271;5770;536;1075;55
KY2504|104938;56605;7613;2673;1886;3557;6617;4324;5592;8035;34149;63158;12209;29004;0;49072;7534;536;1379;91
KY2505|134228;72058;9212;3106;2447;5075;8248;6101;6914;10247;44289;80486;15789;37212;0;62422;9636;689;1671;116
KY2506|165357;87721;11029;3639;2535;8635;9845;7498;8969;12796;57085;98774;19421;46221;0;76342;11378;857;2573;485
KY2507|198175;104414;12965;4197;2396;9390;11915;8643;10161;15120;68476;117612;23128;56327;0;90002;14412;972;2790;500
KY2508|231248;121754;14899;4708;1750;14727;13565;9789;11384;18939;82484;137538;26474;65939;0;104542;17212;1077;3058;514
KY2509|264731;139071;16850;5202;1627;15626;15357;11047;13263;21256;93639;157015;30290;75915;0;119128;19944;1364;3534;530
KY2510|300377;157534;18875;5770;2907;16364;17528;12833;14942;23567;106350;177267;34053;87322;0;134021;23513;2376;3227;611
KY2511|334777;175567;20719;6310;2306;16707;19286;14449;16254;25797;116845;197464;38182;97182;0;148828;26738;2595;3385;640
KY2512|370588;194399;22847;6966;6355;18652;21957;16807;21096;28999;128217;219124;42304;106930;0;164112;30287;4556;4144;650
KY2601|37672;20491;2696;673;-1077;1447;2712;1388;2406;1993;11075;22441;4059;10943;0;16166;4324;176;989;40
KY2602|71682;38678;5103;1307;1738;1984;5195;3099;4158;4089;23980;43414;7179;20587;0;30993;7685;341;1425;58
KY2603|111653;59307;7742;1985;2322;4007;7804;5087;6267;8401;36873;67797;12065;30996;0;47900;11406;1927;789;88
KY2604|153196;80678;10293;2696;2578;5730;10428;6744;8056;11389;51808;92776;16794;42495;0;65260;15419;2166;1196;108
KY2605|196796;103638;12701;3396;-843;6912;12803;10284;9446;13552;62446;119014;21475;54908;0;83809;19829;2048;1514;125
KY2606|241233;126385;15707;4173;1579;8709;15406;12443;12010;17427;79385;145375;26587;67567;0;102209;24176;2458;2340;187
KY2607|288016;150492;18602;4971;-191;9105;18398;14491;13750;20000;93431;172938;31425;81370;0;121727;28765;2684;2734;209
KY2608|335634;175375;21704;5773;-2514;9754;20945;17085;15355;22618;107425;201785;35788;95486;0;141537;33838;2942;2900;234
M2201|64330;33441;7463;2143;1199;8816;5047;6332;12598;4661;17586;43727;17773;1972;21345;9741;2355;3769;6701;825
M2202|128356;65492;15094;4523;151;15460;9765;12581;23720;10118;32861;85281;37170;4130;42804;18425;4261;6452;12614;1654
M2203|206839;103600;25071;7342;9851;24788;14901;21749;44015;20808;54134;135084;62853;6035;68223;28350;7027;11422;22475;2738
M2204|286221;140568;35334;10429;10170;34029;20450;28812;56294;23873;85331;184753;89572;7974;93705;37390;9472;14344;28604;4476
M2205|376809;182174;46248;13875;19307;42726;25949;36209;80380;32216;114288;242487;118918;10245;121447;48895;11832;19155;41388;5541
M2206|482312;226348;58458;17517;23083;66893;31799;46260;119186;43256;146380;301196;162353;12339;150634;61149;14564;41595;43596;6552
M2207|602999;278215;70311;21273;30336;72051;38930;54555;148298;53856;180571;367883;212901;14374;185888;74204;18124;45493;59764;7411
M2208|713887;331243;83551;25727;34759;80383;46257;64610;158413;66353;219978;436673;251351;16469;224623;85340;21279;49172;61312;8760
M2209|839168;386280;97956;29452;39541;91713;53355;77659;188876;82410;250345;505601;303976;18503;263220;96038;27022;52892;74806;9854
M2210|966241;443839;112245;33300;46181;98784;61190;89401;203961;96792;294968;578035;355250;20123;304820;106498;32520;56891;84691;10811
M2211|1102628;501718;126755;37104;51779;105513;69368;103030;221225;111580;342648;649956;415302;22819;348133;117020;36565;60593;96023;11623
M2212|1264325;565208;143008;40820;56554;127428;78138;124159;277644;125306;380040;726065;496297;25609;396753;128718;39737;69009;122964;12878
M2301|118081;71747;16835;3955;8569;26754;12230;16758;22949;9399;33200;77366;35215;3657;55644;11663;4440;3318;17071;1208
M2302|228257;142856;31849;8241;19006;43849;23398;38120;40255;14232;55859;146987;70624;7064;111542;22670;8643;5718;29643;2820
M2303|360132;230518;51554;13014;29163;56887;35059;55146;60609;12652;90737;227200;116098;11186;182450;35434;12634;8783;41826;3522
M2304|488999;323345;71567;17888;48901;68643;48696;72263;74223;20496;121199;309154;156216;15865;257680;48858;16807;16442;46937;4791
M2305|627065;433017;94084;24087;78403;87956;60684;92501;90920;28727;157573;399972;196987;20070;345256;65668;22094;21397;55976;6031
M2306|786067;565165;118084;30137;143395;113588;72692;112529;126337;42275;211998;502494;243164;27921;449936;88089;27140;28453;79143;7252
M2307|969192;715641;148914;39218;166689;128544;88485;133209;143723;46938;246127;610905;308733;34630;573418;110909;31315;32456;89370;8701
M2308|1167919;854954;182473;49592;184595;143891;103665;155005;156832;64240;294589;732178;371172;47271;697407;131459;26089;36566;96143;10821
M2309|1436711;1020071;220868;60556;192122;166308;118203;178260;177317;89943;371660;874850;484893;56809;836114;155833;28124;38144;115469;12893
M2310|1703443;1223229;262963;73938;188129;180995;133501;202253;195174;98984;408453;1045610;566363;68741;1009234;181924;32072;43506;123576;14425
M2311|1999764;1448416;308975;88351;184198;198025;150120;228013;214843;110617;450604;1232709;661086;80246;1200764;211449;36204;49351;134805;15879
M2312|2336521;1711879;361344;102669;171849;232542;166457;262136;254054;78708;526353;1443083;768574;96493;1426085;244482;41313;67722;141684;18842
M2401|323062;278563;52472;16343;-13178;43994;22321;29608;39007;-3636;24145;219379;78989;22000;241284;31212;6068;8132;26524;2588
M2402|645289;543010;106964;33404;-29926;82470;46549;59833;65165;-2508;59344;439470;158423;42060;463977;68428;10606;16485;42108;4797
M2403|1029868;847889;169521;51186;-38341;127369;69211;91390;95481;3064;130194;694052;254553;73172;714192;116811;16886;26141;59167;8309
M2404|1412264;1163052;229675;70327;-74757;147198;93290;122624;108923;6111;150054;950207;349028;101982;972890;166176;23986;33120;63409;10636
M2405|1840419;1526381;297792;91133;-97135;173517;116086;156687;130493;12164;181649;1233205;446702;146470;1273047;223549;29786;43103;71371;14463
M2406|2273413;1904487;363962;111800;-106436;227243;140833;191146;150102;15014;244799;1515479;548827;191682;1579091;291863;33535;54381;75235;17744
M2407|2731993;2306790;436432;135632;-111557;250028;166482;228129;178974;20356;270534;1816927;656084;238703;1903195;367133;36463;73374;77902;21899
M2408|3198386;2725034;508804;159287;-113469;270362;195803;264877;198206;26072;294806;2127064;761302;286871;2236357;449557;39120;86327;86722;26538
M2409|3681583;3135729;584724;182555;-112159;300548;222043;304831;217317;40120;352102;2433330;876695;345281;2560575;533349;41805;98756;92593;30978
M2410|4200735;3570929;660553;207158;-120846;319280;247560;343973;239727;54958;395420;2759923;1007255;404362;2907202;619172;44555;110641;103150;38374
M2411|4723030;4007671;736634;230865;-119761;338141;274677;383205;264479;69141;448007;3077914;1139460;473586;3248413;710313;48945;123261;110755;42716
M2412|5292509;4473318;823448;257360;-125418;386661;301199;438425;315751;84211;506935;3425305;1274163;557015;3613599;808215;51502;139607;129844;49990
M2501|555733;477732;81753;24383;-4311;57518;32951;46004;66176;8890;34555;346790;114160;91526;373974;98288;5471;22237;34524;6258
M2502|1064437;898747;160146;48153;-599;91053;65613;90405;105586;22944;83590;669147;215278;173757;697753;189945;11051;42915;50660;13444
M2503|1640209;1371403;249488;73602;2838;139873;99004;144998;144636;34977;163787;1038201;332831;259305;1067953;285913;17539;65394;65104;19481
M2504|2202235;1835079;341308;100796;-7586;167411;136819;195271;189382;46277;199743;1404795;459559;324469;1427013;385338;22729;91826;79843;26268
M2505|2799250;2342686;439081;131223;-23263;216702;172709;246434;235433;55802;247485;1795637;590315;396290;1822558;492437;27692;118217;98400;34273
M2506|3442150;2865934;539515;161587;-42228;267619;208025;299795;279272;68803;323641;2190963;751548;478731;2234701;597519;33714;140208;112779;45190
M2507|4073256;3390146;646750;195303;-63133;294726;245132;356064;321429;78251;365276;2607857;885483;555180;2654162;696422;39562;163962;127655;54200
M2508|4738881;3915609;752820;228739;-87342;322141;281906;414044;361597;93979;430625;3037558;1017316;655347;3069584;800310;45715;191090;140428;73289
M2509|5387462;4425030;871533;262180;-109335;369043;320263;473418;407569;113865;516378;3449763;1160762;743600;3469252;905761;50018;221584;152632;80117
M2510|6053266;4938822;984460;297802;-136317;391905;357296;539481;447750;133682;578483;3879723;1300512;835558;3875641;1008491;54689;247896;163015;87491
M2511|6717827;5436281;1094495;332176;-170205;423336;397118;601391;489408;156794;652284;4303218;1452355;919780;4271284;1105277;59721;275062;173002;95473
M2512|7428201;5951904;1222524;371512;-198816;479199;437652;682860;549149;211709;726321;4757872;1614876;1006939;4688880;1198142;64881;311957;186576;109676
M2601|696420;520697;112230;33985;-20857;72434;47419;71884;90942;23748;71550;455675;136739;99517;418662;94346;7688;41086;37722;11572
M2602|1320426;980352;221475;68286;-50883;121321;97816;142191;146949;45121;131625;878551;253328;179770;784652;180528;15174;76299;57322;21199
M2603|2036430;1506035;349078;106945;-73099;170042;143631;223217;205270;74550;222803;1363577;394060;263814;1192440;291044;22550;109247;74180;34312
M2604|2739283;2037811;474291;147098;-122156;218243;202287;302853;259269;85466;274877;1842580;532517;344327;1618526;390182;29104;141667;91191;44686
M2605|3493225;2615561;597632;187955;-175257;251194;253453;379317;313483;98947;318077;2344134;694435;429920;2079105;500523;35934;180804;104410;54425
M2606|4265797;3202899;744010;232022;-224975;302922;304402;459142;377901;114619;396771;2853845;858709;522726;2546336;613995;42566;226330;119418;71487
M2607|5080535;3822936;884859;278709;-281772;339664;358037;547319;441414;128827;446042;3387607;1026245;631046;3046793;727357;48786;268222;134516;81990
M2608|5896039;4451486;1025045;327218;-332792;371112;411410;626255;492227;146582;504225;3931957;1179359;743164;3553316;843115;55056;312826;143701;94977
S2201|71777;36857;8115;2440;2200;9991;5943;6900;14550;5304;20089;48391;19445;2938;23277;11047;2532;4196;7609;869
S2202|144938;72404;16403;5163;2064;17624;11307;13737;27619;11802;38998;94780;42024;6072;46868;20958;4578;7217;14637;1782
S2203|234452;115012;27238;8419;12995;28132;17255;23710;51596;23579;63245;150550;71465;9066;75011;32351;7650;13065;26389;2908
S2204|323490;156432;38440;11882;14076;37735;23568;31460;64890;27324;98184;206022;100751;12074;103272;42844;10317;16366;32790;4692
S2205|426919;203520;50211;15649;24992;46736;29698;39738;91128;37022;132101;271012;134316;15510;134170;56337;13013;22119;46168;5794
S2206|545955;253514;63422;19697;30111;72268;36253;50581;132689;49863;169156;337159;182380;18866;166878;70545;16091;45797;49389;6853
S2207|680293;312411;76162;23817;38878;77922;44608;59648;163361;61555;207857;412441;236193;22452;206644;85786;19982;50544;66393;7783
S2208|806197;372970;90401;28577;45041;87176;52883;70597;175927;75651;252208;490335;278808;26033;250238;99240;23492;54831;68596;9196
S2209|946096;435413;106038;32798;51892;99653;61050;84596;210349;93101;286372;568645;334905;29503;293527;112357;29529;59029;84528;10325
S2210|1088331;500721;121503;37389;60738;107347;69896;97313;227722;108961;335918;651107;389404;32662;339983;125441;35297;63764;95183;11312
S2211|1241634;566695;137410;41818;67258;114507;79013;112174;246864;125203;389041;733257;454194;36945;388229;138744;39722;67950;106693;12154
S2212|1422631;638925;155167;46228;74372;138222;88889;134787;308901;141049;431614;820974;540759;41470;442103;153546;43276;77001;135582;13470
S2301|135517;81056;18652;4712;10647;30023;14413;18174;26142;11022;39320;88590;39111;5565;61038;15023;4995;3648;19308;1268
S2302|260820;161241;35112;9574;22747;49530;27226;42090;46006;16511;65564;168428;77193;10817;122419;29249;9573;6514;33761;2916
S2303|413788;259419;57115;15073;35018;63333;40649;61739;69329;16950;106095;260711;129018;17140;199498;45928;13992;9982;47986;3674
S2304|562180;362988;79277;20489;58877;75194;56017;79716;85894;25723;144699;354794;173657;24222;281010;63379;18600;18658;53853;4979
S2305|721035;484886;103939;27281;94433;95299;69550;101758;104860;36028;190344;458922;218159;31658;375764;84774;24347;24158;64208;6353
S2306|905072;632197;130515;33967;167217;121609;83179;123164;146262;53108;252536;577035;269284;43498;488592;113503;30103;32006;90962;7655
S2307|1111956;797814;165028;43910;194511;137880;101424;145491;166261;61059;293417;700295;337603;55839;621128;141871;34815;36249;101793;9142
S2308|1336193;953215;203502;55122;214726;153615;118850;169023;179565;81645;350617;836688;405399;72999;755482;167542;30191;41148;107906;11301
S2309|1638605;1137309;245354;66945;224131;178099;135566;194473;200787;112234;438877;996636;529401;88071;906505;197738;33067;43095;127311;13481
S2310|1943848;1363307;290747;81449;221828;193664;153509;220475;220422;124896;486030;1188279;621295;106606;1094304;230966;38037;49077;136278;15056
S2311|2277471;1613599;340107;97294;218764;211706;172456;248401;242433;138391;535471;1398775;722723;124746;1302058;268561;42980;55371;148150;16547
S2312|2657834;1904990;395882;113057;209772;250384;191570;285458;292287;106016;620495;1638030;836736;148594;1545286;310779;48924;75534;156856;19564
S2401|367376;310083;56316;17825;-11725;49313;27425;32277;43446;-1728;31954;248262;85516;30294;261636;41408;7038;8849;28625;2689
S2402|733719;606039;114680;36339;-27660;91859;55632;65339;73472;1042;74734;497471;171287;58411;504509;89021;12509;19074;45446;4970
S2403|1171323;946477;182041;55785;-32527;141719;82253;100022;107155;10779;160084;786311;276680;98404;776982;149432;20063;29580;63359;8621
S2404|1608104;1297164;246434;77125;-69436;163951;110235;134172;122476;16970;190911;1076547;379021;139043;1058190;210737;28238;37212;67975;11021
S2405|2092332;1699902;319323;99932;-89638;192827;136551;172703;146583;25524;233649;1395536;484010;195646;1383488;281222;35192;47631;76332;14948
S2406|2583328;2118186;390243;122240;-95171;249410;165035;209328;167344;31648;314028;1714200;593772;254188;1714204;363853;40128;59448;81112;18361
S2407|3102176;2563907;467372;147756;-99498;274715;195001;249489;200375;39520;348717;2054612;709072;313835;2064808;454600;44499;79404;85085;22630
S2408|3629543;3026613;544794;173234;-98190;296091;228561;289387;224246;47424;382771;2405282;821434;374668;2424923;553190;48501;93247;96084;27434
S2409|4177676;3481800;626013;198271;-90462;330772;258816;332975;245479;66245;460412;2750934;945125;449690;2776331;652765;52703;106351;100550;32024
S2410|4761156;3962772;707317;224998;-95613;351051;288784;376326;271223;84183;515628;3118316;1083600;523706;3151005;754896;56869;119603;111919;39627
S2411|5346877;4445270;788764;250609;-89779;373177;320070;419107;298524;102338;583121;3476105;1224484;607231;3520192;862031;63047;133378;118865;44178
S2412|5988239;4958198;882137;279643;-85508;424166;350771;479717;359324;121103;660278;3867114;1368210;709184;3913572;977371;67255;152327;139680;51772
S2501|625189;527294;88211;26978;2352;63744;41046;51100;73443;12288;47347;389310;123219;108657;403482;116365;7446;23847;37463;6536
S2502|1194898;992872;172975;53209;12334;110338;79559;98906;116613;31173;118214;750895;231908;204387;753207;224532;15132;46144;53979;13980
S2503|1846015;1516169;269544;81702;22193;163894;119169;158834;161299;47823;216651;1166499;361299;306073;1152612;339585;23973;70638;70190;20435
S2504|2480849;2030876;368288;111594;17117;194749;163457;215247;213239;62388;264202;1580110;497818;386373;1542253;457442;31181;100242;87497;27605
S2505|3156173;2593749;473659;145052;5943;247256;205340;271805;264702;75551;326834;2020978;639173;475001;1971474;583788;38486;128690;106984;36144
S2506|3881487;3173935;581617;178259;-7920;304022;246296;330230;316227;91799;422459;2467569;811605;576467;2418740;708739;46456;153299;122363;47939
S2507|4598313;3758573;697015;215230;-24943;332861;290544;391799;363477;104417;479205;2938707;956384;672603;2875046;827938;55589;179597;138293;57506
S2508|5351130;4345666;811182;251777;-44667;366545;333409;454682;409813;125440;563401;3424295;1099165;792123;3327253;953632;64781;209140;152891;77252
S2509|6088221;4915680;938749;288587;-59591;416057;377996;519662;461607;150229;669676;3891301;1254794;900858;3761900;1081539;72241;242925;166748;84750
S2510|6846675;5491964;1060743;327874;-78283;439362;421824;591966;508492;174732;751645;4378919;1407431;1013837;4203491;1207655;80817;272877;178279;93002
S2511|7603157;6050757;1179429;365869;-107473;472020;468292;659562;557072;202736;842845;4859538;1573472;1117586;4634061;1327153;89543;303227;189939;101746
S2512|8415331;6630339;1317645;409355;-123915;531442;516163;750598;627452;266413;940183;5379953;1750493;1225030;5088495;1443071;98775;345205;204083;116501
S2601|795049;587648;122156;38128;-15320;82253;58214;79000;104096;29803;87249;518050;149910;121392;456476;118435;12736;47138;41560;12577
S2602|1509049;1107101;241233;76605;-35675;136080;118604;156703;167693;54580;169401;998773;278308;220786;855731;227226;24143;86509;62269;23231
S2603|2338055;1700904;380539;119621;-46845;189136;174762;246387;236433;94092;288688;1556471;436166;326608;1301785;363230;35889;123286;79575;37846
S2604|3147751;2302127;517021;164559;-91612;241709;242189;333554;298565;110562;363313;2102694;590380;429570;1767261;487917;46949;159719;98747;48913
S2605|4012887;2954879;651249;210153;-145240;277993;302043;419065;361455;127505;421789;2674607;767789;539148;2269994;626072;58813;204160;112705;59828
S2606|4902808;3619307;810891;258989;-187559;334390;361864;508039;434065;149835;528431;3257371;949465;657368;2780454;767763;71089;254908;128576;79088
S2607|5839047;4321921;964358;311021;-241449;372833;425560;604684;506956;168250;596395;3866924;1133328;793201;3328316;910552;83054;301551;146598;90710
S2608|6779571;5037900;1117434;364924;-287860;406158;487870;691926;564839;191461;676385;4490175;1302587;933706;3885485;1057041;95373;350921;156625;105111
YA2201|14765;6410;2295;722;194;3608;1419;2035;4314;1477;4486;10989;2671;959;4655;1388;367;830;2882;278
YA2202|29668;12760;4641;1542;711;6431;2783;3803;8120;2999;9445;21438;6127;1810;9343;2691;725;1695;5046;503
YA2203|47836;20346;7618;2530;4126;9315;4143;7000;14272;4461;16144;34005;10622;2712;14850;4287;1210;3463;8619;735
YA2204|65603;27747;10594;3522;4644;11878;5725;8901;16076;6074;24673;46371;14970;3581;20464;5844;1439;3925;9469;912
YA2205|86104;36483;13755;4590;9906;15438;7254;10984;23444;8533;33913;61211;19713;4280;26705;7934;1843;5244;14348;1115
YA2206|109205;45529;17326;5751;11196;19564;8945;13812;26414;11986;44853;76608;26506;4968;33341;9976;2212;6021;15128;1383
YA2207|135472;56158;20941;7008;14025;21260;10763;16078;31271;15329;55090;94325;33909;5874;41208;12252;2698;6921;18606;1578
YA2208|164332;67277;24985;8374;15415;23868;13034;18713;34902;19483;66816;112935;42725;7036;49748;14291;3239;7335;19550;1963
YA2209|193271;78956;29292;9492;17036;28310;15054;24629;40182;22975;76623;131224;52022;8011;58219;16363;4374;7617;22540;2276
YA2210|223393;91586;33615;10758;19346;30606;17230;28128;44747;26691;87820;150316;61650;9064;67348;18461;5776;8397;24622;2474
YA2211|255978;103982;37991;11997;21100;32556;19610;31829;50591;30395;99223;168902;74125;10237;76725;20613;6644;9931;28445;2657
YA2212|290093;117441;42687;13325;22159;38371;21887;37970;60231;33950;108505;188384;87211;11489;87488;22986;6966;13205;29977;3021
YA2301|27701;15380;4791;1292;5587;10085;3237;4527;6666;3735;13327;19656;6237;1427;12290;2400;690;621;5183;460
YA2302|54033;30232;9049;2974;10168;17010;6201;8819;13109;5589;23334;37495;12847;2949;24231;4641;1359;1191;10492;1448
YA2303|82944;49896;14658;4520;13627;26246;9957;13664;22914;2428;34097;56717;20265;4759;40687;7219;1990;1770;17319;909
YA2304|113310;69677;20094;6108;18140;30831;13020;17855;26939;4359;44415;77178;27535;6870;57352;9891;2435;3197;19635;1179
YA2305|146067;91768;26229;8192;26536;36001;16106;22955;29591;7837;58386;99533;34680;9562;75740;13245;2783;3230;21757;1507
YA2306|183880;119344;32764;10613;48382;44218;19629;28070;42383;12413;76793;125569;41960;13399;97757;18411;3175;4709;30906;1911
YA2307|226822;150748;41476;13582;56018;49761;23784;32856;45333;16748;91024;152229;52866;18139;124219;22927;3602;6247;33441;2548
YA2308|274276;181564;51361;16846;61523;54860;28281;38030;48914;22652;105736;181643;65842;22632;150193;27213;4158;7932;35658;2855
YA2309|328784;216465;62267;20338;65483;64950;32112;44411;55047;28679;124431;215215;80392;28483;179419;32211;4835;8574;38402;2986
YA2310|391183;260253;74823;24373;67409;69449;36466;50342;60427;33326;137677;255312;94612;36068;216954;37655;5645;10388;41525;3299
YA2311|460049;310149;88504;28781;67308;75671;40996;56894;67241;35191;152280;298508;111972;43891;259992;43424;6733;12020;46252;3613
YA2312|538125;368546;103755;32893;65557;85506;45376;65934;73716;33092;173388;347217;130695;53989;310273;49820;8453;16923;45470;4012
YA2401|77106;62895;15683;5057;671;18675;6237;8517;12658;1530;15241;52429;13583;10570;54319;6660;1916;2005;9287;651
YA2402|153981;122562;31708;10338;-245;33427;12663;16641;20881;2118;33671;103948;27492;21445;105579;13476;3507;3919;14901;1104
YA2403|245619;190659;50393;16396;1583;43064;18803;25569;30442;7023;51768;164854;43469;35634;163806;21296;5557;7689;19535;1575
YA2404|339554;258124;69049;22726;-5360;51734;24888;34272;35687;11490;67789;226586;60016;50744;220929;29277;7919;9997;21815;2053
YA2405|442460;336246;89945;29292;-10232;62803;31338;42877;45165;15797;84259;295773;77534;66351;286701;39942;9603;13987;26508;2771
YA2406|545165;418566;110546;36399;-13409;74840;37346;53260;50556;17710;103302;364521;94942;82324;356804;51097;10666;16963;27885;3304
YA2407|655206;505791;133151;43979;-13397;82276;44389;63417;58031;21667;119961;437956;112848;100446;431010;63151;11629;21688;30138;3926
YA2408|770696;597253;156122;51624;-13668;88433;52764;73112;65469;25722;135639;513704;133489;118957;508236;76257;12760;26572;33411;4601
YA2409|886334;687130;179340;59263;-12628;96544;59947;86987;69500;32024;154739;588155;154730;138274;584177;89000;13955;29473;33193;5283
YA2410|1009838;783704;203625;67014;-13868;104941;67127;97442;78169;37687;173393;666731;176177;161187;664031;104487;15186;33139;37096;5776
YA2411|1135779;880665;227676;74534;-13551;112339;74911;109415;85256;44306;193155;744689;200375;184389;741378;121468;17819;37404;39316;6500
YA2412|1265975;983264;254409;83183;-14410;132069;82814;125517;102836;50912;209515;828107;221283;209653;824571;139415;19277;45399;43548;6895
YA2501|139263;106717;25598;7883;583;22625;9306;13595;23630;6098;20840;85375;20715;32467;86476;18740;1499;6649;10328;1245
YA2502|261879;200183;49891;15400;1216;33960;19329;25519;36520;11271;38725;164945;35270;60351;160135;36926;3123;13981;15663;2694
YA2503|401280;306986;77471;23543;1260;46943;28694;44676;45646;16851;60556;256242;54632;88357;246563;55530;4891;19083;19179;3698
YA2504|538204;407990;105003;31533;-1509;56510;37643;57935;61731;21924;79454;347353;76993;111062;329832;71776;6383;28206;23931;4814
YA2505|680135;517952;135617;40900;-2826;68573;47644;72188;74927;26796;101092;443861;98965;133750;421549;88384;8020;38521;27446;6307
YA2506|826511;631192;165872;50404;-6869;89930;56803;88800;89442;32617;126186;540769;123952;157463;513877;107587;9728;46181;30863;7892
YA2507|981528;747406;199212;60835;-11984;100027;66907;104502;100742;38670;149721;642970;146342;187161;609174;126787;11445;52587;35569;9648
YA2508|1139881;865829;232488;71338;-18509;111384;78292;123817;108753;44152;173062;745182;168504;220417;704826;147922;13080;59907;38217;11468
YA2509|1297045;979494;266165;81639;-25263;127604;88632;142426;126025;50461;196874;844884;194167;251454;796323;168578;14591;70681;40137;13103
YA2510|1455983;1092924;300488;92566;-32057;135927;99125;162603;136515;55976;220630;948917;215854;283941;887922;188631;16371;78179;43648;14607
YA2511|1614726;1201878;334552;103377;-41940;149551;110153;181298;152848;62619;244715;1051365;240138;315049;976643;207110;18126;87475;51707;16151
YA2512|1778887;1313081;373066;116471;-52441;162937;121226;206924;168171;72747;263830;1160073;263611;346159;1067508;225487;20085;98269;52924;18001
YA2601|172859;111267;35050;10493;-5273;28220;13129;21553;33418;9228;31768;110128;27194;34666;90851;18225;2191;10904;14015;2386
YA2602|321902;210588;69241;20732;-13798;47357;27546;41410;49723;17509;57194;212284;43483;64458;171776;34534;4278;21558;19464;4478
YA2603|489578;322430;107555;32655;-17752;63058;40478;66722;69213;26664;84278;329127;66078;91681;263589;52285;6557;29945;24811;6641
YA2604|660454;439418;146798;44513;-31026;80276;53642;89422;86833;32303;110372;447322;88228;121283;360030;70260;9128;39321;30822;9161
YA2605|840598;565171;186090;56185;-45199;94851;67907;109648;104698;39151;133581;571765;113882;150433;465921;87660;11591;54094;35894;11205
YA2606|1025947;695057;228869;69340;-59838;109480;81335;132914;121246;45935;158630;697805;138989;183602;574544;106295;14218;66214;39479;13817
YA2607|1230470;834570;273249;83109;-77831;122834;95228;159424;140521;52712;183155;831394;165883;226748;690810;126583;17178;76473;46528;15962
YA2608|1435317;976070;317682;96399;-96703;134754;110630;184023;155358;59646;208924;967484;190878;269528;804190;151561;20318;89759;49643;18263
YO2201|22775;10501;3193;899;759;3465;1954;2582;4051;1918;8287;14905;7264;514;6876;3340;286;1677;1139;363
YO2202|45057;20288;6457;1845;831;5787;3766;5100;8384;4003;14746;29137;14301;1371;13691;6087;510;2436;3350;757
YO2203|71868;32469;10754;2992;5461;9376;5581;8114;13473;8602;26227;46265;23378;1824;21365;9594;1510;3852;4695;1311
YO2204|99149;43989;15157;4206;6017;13599;7851;10988;16986;10830;39072;64002;32206;2431;28978;12594;2417;4714;5451;2526
YO2205|129822;56735;19857;5597;10020;17366;9818;14232;25430;14156;51096;84222;41194;3713;37251;16620;2864;7194;8319;3061
YO2206|169265;70429;24953;7089;13043;33911;12032;17626;45455;17839;70701;104973;58598;4844;46264;21049;3116;26998;7539;3503
YO2207|206278;87153;29973;8693;16802;36168;14830;21238;50935;21871;84499;128480;71051;5725;57240;26012;3903;28416;10416;3882
YO2208|244852;104120;35447;10521;19954;40297;17540;25217;55398;26619;101134;152937;84671;6042;69311;30060;4748;31543;10406;4403
YO2209|292012;121650;41525;12119;22622;44506;20331;29579;59096;33567;124323;177060;107131;6386;81161;33966;6522;32947;11770;4816
YO2210|340029;140032;47735;13728;26914;47582;23347;34664;65224;40028;145236;202519;129750;6124;94065;37977;7990;35785;14058;5291
YO2211|392415;158016;53944;15227;30005;51285;26521;41062;70510;47219;169093;227389;156492;6697;107132;42043;8841;37444;16857;5673
YO2212|436748;177609;60734;16737;33393;64007;30208;49934;76210;52572;191615;253584;173912;7179;121815;46166;9628;39657;15936;6198
YO2301|40672;22449;7377;1577;3925;7021;4376;7085;5162;3779;14569;26593;12652;1231;16635;4251;1562;1725;2358;439
YO2302|78359;45120;13779;3031;9142;10393;8543;15901;8801;6423;23854;50177;25645;2150;33855;8381;2884;3061;3502;829
YO2303|125328;72111;22273;5052;13778;21289;12501;23264;19637;8799;41304;77942;43575;3186;54903;13049;4160;4619;10158;1386
YO2304|169033;101776;31355;7037;25364;24076;18561;30505;24105;12678;55167;104827;58876;4475;78492;17785;5500;8981;10293;1989
YO2305|212843;136689;40785;9384;40783;30427;23103;38585;31114;15390;70572;134623;72062;5045;104802;24728;7159;11370;13221;2558
YO2306|265889;177014;51254;11467;64775;45833;27451;46655;44435;21779;98950;167531;88684;8171;137778;31001;8235;15018;20897;3030
YO2307|321328;223524;65327;14879;75006;52413;33708;55778;49811;25472;110902;201500;108822;9217;175242;38884;9398;16623;23281;3527
YO2308|383150;267924;79997;18529;83819;58436;39464;64586;52952;31509;130437;239859;129913;11383;212008;45655;10262;18041;23960;5016
YO2309|476802;315825;96458;22483;88804;66879;45092;73968;58486;44142;168947;283829;176648;14081;251381;53535;10909;18790;26713;6338
YO2310|561007;374291;114570;27473;89234;73209;50624;84336;64606;50235;186454;336185;205133;17158;300802;61607;11882;21700;28601;7063
YO2311|649423;441796;134070;32737;89203;80286;56683;94889;73383;54162;199335;393266;234032;19320;355317;72149;14330;24543;32347;7786
YO2312|746004;520362;155854;38208;89689;97709;62856;108394;88592;42980;227865;458208;262834;21866;418758;84791;16814;30370;33116;9427
YO2401|102139;84255;21507;5908;-6374;13208;8113;11300;12701;984;7219;68589;28424;4800;68969;12580;2706;4236;6483;1195
YO2402|203361;165414;43974;11956;-14250;27803;18146;24801;25121;630;14821;137561;56132;9031;132333;28123;4958;9410;12362;2200
YO2403|328610;261423;70269;18545;-16245;45094;27023;38445;34693;3450;44150;219182;93089;15380;205565;48035;7823;13302;16521;4599
YO2404|451448;363033;95148;25459;-32495;53093;36987;51469;41449;1717;47080;299321;127461;23414;283952;68324;10759;16602;18866;5727
YO2405|587100;482101;123723;33064;-41513;63299;46067;66247;48043;1623;55465;388058;162884;34589;375015;94394;12692;20303;20672;7841
YO2406|726598;604348;151479;40791;-42871;86859;54015;80646;55364;3575;83326;478382;199445;46890;466688;124714;12945;25658;21140;9779
YO2407|872243;739220;181862;49583;-46186;96187;64458;95748;64694;2573;87830;574910;234948;60099;562549;163060;13610;33676;21572;12322
YO2408|1021893;878492;212210;58281;-45061;104378;77013;112405;73448;1580;92200;673645;271454;74098;662023;202467;14001;38568;24150;14215
YO2409|1176820;1014662;242584;66662;-45002;119649;87223;129064;85415;2589;108438;771271;313725;88750;757608;242019;15035;44228;28426;16365
YO2410|1341467;1157831;273403;75442;-50975;125914;97737;145506;94606;3239;115450;876130;353759;108135;859371;282656;15805;49058;32179;19441
YO2411|1500988;1298963;304789;83717;-53334;134028;108237;161297;104886;4298;125072;977285;392983;126948;958517;323605;16840;54428;34682;21875
YO2412|1672620;1447093;340226;92911;-54902;152647;119111;183525;120142;6749;141060;1085911;432007;150366;1064194;365694;17205;62667;37451;25722
YO2501|169199;148546;33586;8346;-5436;13859;12509;17862;17270;142;6531;109222;36010;23560;107566;39897;1082;10175;5399;2653
YO2502|325735;278755;66022;16525;-5874;23136;24419;36492;31172;2987;18670;210962;69121;44801;200227;76107;2422;18400;9278;5076
YO2503|502955;423915;102886;25573;-3006;37514;36296;57341;46252;7537;43434;326940;107377;67272;306647;113906;3362;28946;13147;7595
YO2504|680041;572176;141468;34991;-10034;45537;49085;76359;60144;10018;54238;442450;147426;88205;412624;154962;4591;38277;16886;10296
YO2505|867519;734450;182311;45197;-17763;57526;61659;97037;75295;10352;65604;565523;189555;109983;532377;196526;5547;47037;22375;13069
YO2506|1060332;896693;223979;55503;-26910;78074;74289;118540;89428;9815;91205;693507;230218;133396;656841;233088;6763;52646;27675;20833
YO2507|1255397;1058660;268201;66894;-38335;87004;88891;141106;105779;9824;101113;823267;271222;157212;782683;268855;7122;62921;32372;23699
YO2508|1452512;1218045;311928;78640;-48381;94815;101948;163062;121979;11823;115377;955299;312304;180680;907837;302723;7486;71855;37368;26771
YO2509|1652497;1373211;364460;90299;-58337;105892;116263;186035;137948;17837;142920;1085421;356992;204608;1027519;337378;8313;81292;44007;30440
YO2510|1855803;1526872;412179;102926;-70913;113514;130066;209732;157327;22340;161320;1220955;400994;227768;1149028;368754;9090;93706;47633;33533
YO2511|2055344;1679096;458449;115296;-86470;123109;144039;234745;171734;26279;179244;1354862;442525;251136;1267146;401590;10361;105399;47180;37156
YO2512|2263269;1834439;511595;128688;-97739;146837;158524;265877;187402;45569;203461;1497748;482608;275149;1390171;433106;11163;119381;49012;42257
YO2601|209220;153257;46620;12617;-9615;24199;18249;27032;31378;6288;21603;144132;38487;25997;121684;29737;1837;18925;9668;5246
YO2602|397132;288368;91666;24788;-22843;39676;38477;56217;51490;10222;36067;277021;71550;47410;228333;56349;3686;33862;14534;9044
YO2603|615772;447297;143852;37816;-30597;54603;55252;85221;68406;19284;70351;428467;111898;73556;349248;92651;5398;45863;17401;13134
YO2604|830468;607335;194800;51618;-54500;68393;76082;115307;87394;20357;81068;578673;154181;94988;475470;125022;6844;58466;22195;16654
YO2605|1056603;781377;245947;65962;-76755;77028;93581;145195;107351;21212;88144;735531;198022;119611;610696;162111;8570;72899;25826;20217
YO2606|1293598;960234;305550;80425;-97906;98167;111673;176049;129813;25333;115883;896080;246910;146350;748588;201704;9942;89540;29994;28270
YO2607|1534625;1147201;362342;96323;-121088;109079;131789;207303;150593;26270;125479;1062673;291303;175666;899193;237126;10882;106948;32958;32643
YO2608|1778188;1333603;416819;112740;-144239;119847;150478;238991;172404;27264;135135;1229877;336625;206012;1050824;270991;11788;123698;37288;37374
