KA2201|327407;185855;1614;139938;40987;368394;7146;342;38
KA2202|330985;189878;1716;139392;42236;373221;7132;333;37
KA2203|338602;196867;2511;139224;44467;383069;6929;323;36
KA2204|347761;205589;3604;138569;46368;394129;6899;313;35
KA2205|365497;215116;5099;145282;50934;416431;6905;307;35
KA2206|385921;227816;6383;151721;54685;440605;6781;286;33
KA2207|391014;231233;7148;152633;56678;447693;6784;284;33
KA2208|397014;235048;8130;153836;61490;458504;6725;280;33
KA2209|398659;235839;9268;153551;65905;464564;6668;272;33
KA2210|400755;235996;10580;154180;70055;470810;6597;268;32
KA2211|404464;236176;12745;155543;76373;480837;6493;258;31
KA2212|415093;237299;16141;161652;86735;501828;6295;250;28
KA2301|421425;237225;17498;166703;99626;521051;6200;244;28
KA2302|466524;238232;18761;209531;104417;570941;6056;233;28
KA2303|498135;250687;21220;226228;119112;617247;6015;229;27
KA2304|510967;259131;23882;227954;133214;644180;5923;223;28
KA2305|518128;271580;26671;219877;155217;673345;5884;218;28
KA2306|529277;275632;28363;225282;170504;699781;5777;213;26
KA2307|530652;275203;28957;226492;181556;712208;5828;212;26
KA2308|531624;274670;29565;227389;192453;724077;5794;209;26
KA2309|524814;272061;29432;223321;200739;725553;5666;201;24
KA2310|516861;268794;29125;218941;208448;725308;5640;196;24
KA2311|508581;265480;28820;214281;217813;726394;5647;192;24
KA2312|504729;262099;28405;214226;234630;739359;5643;187;24
KA2401|497400;258627;27272;211502;256292;753692;5707;180;23
KA2402|507410;255134;26078;226198;271234;778643;5719;174;23
KA2403|516355;251751;25242;239361;286647;803002;5666;164;23
KA2404|515143;248368;26338;240437;288455;803598;5713;167;24
KA2405|513966;244836;26518;242613;290277;804243;5983;162;24
KA2406|517329;241617;25910;249802;290334;807663;6404;162;23
KA2407|515957;237926;24272;253759;298167;814124;7171;165;25
KA2408|522060;234522;22680;264857;304044;826104;7538;165;26
KA2409|532801;231870;21671;279261;314133;846934;8332;159;27
KA2410|549054;235985;20787;292282;322766;871820;9506;172;28
KA2411|568693;239766;20486;308441;338020;906713;10305;182;30
KA2412|603232;244205;19902;339125;364629;967860;11895;185;29
KA2501|615306;247086;18382;349837;390767;1006073;13406;185;31
KA2502|634974;249350;16828;368796;402967;1037941;14737;192;32
KA2503|649289;251798;15170;382321;421902;1071191;15587;194;31
KA2504|659747;256128;13552;390067;444670;1104417;17290;196;36
KA2505|675236;262221;12217;400799;469326;1144562;19485;199;38
KA2506|691673;261818;11015;418840;477232;1168905;21146;206;37
KA2507|700743;260604;9754;430385;498526;1199269;22774;200;39
KA2508|714269;265839;8552;439878;512990;1227258;23920;197;37
KA2509|734662;271335;7410;455917;526049;1260711;26012;201;36
KA2510|762734;274840;7278;480617;535769;1298504;27393;198;36
KA2511|779741;277873;7255;494613;547250;1326991;28950;193;34
KA2512|822135;283814;7689;530632;576282;1398417;32213;207;35
KA2601|842320;288841;7107;546372;599560;1441880;34039;201;35
KA2602|854607;298119;6619;549869;613330;1467937;35096;193;34
KA2603|890444;303283;6413;580747;639994;1530438;36183;196;35
KA2604|900504;314392;6473;579640;659665;1560169;37188;193;35
KA2605|904088;320438;6867;576783;680071;1584159;38031;199;35
KA2606|938435;328182;7080;603173;702122;1640557;42415;213;37
KA2607|924547;331798;7330;585419;734731;1659279;47537;228;38
KA2608|925099;335472;8104;581523;764588;1689687;51122;247;38
KB2201|33738;26052;3595;4091;2101;35839;166;89;9
KB2202|34057;26199;3594;4264;2240;36297;168;87;11
KB2203|34980;26624;3908;4448;2376;37356;149;61;11
KB2204|36568;27408;4456;4704;2493;39061;153;60;10
KB2205|38552;28161;5228;5164;2694;41246;162;62;11
KB2206|40625;29334;5744;5548;2982;43607;166;61;10
KB2207|41034;29523;5904;5607;3096;44130;172;60;10
KB2208|41696;29601;6176;5919;3342;45039;182;64;10
KB2209|42723;29779;6691;6253;3630;46354;188;64;10
KB2210|43784;29892;7352;6540;3738;47523;190;62;9
KB2211|45345;30168;8149;7028;4166;49511;192;59;9
KB2212|47587;30665;9378;7544;4485;52073;180;57;9
KB2301|49153;31063;9968;8122;4917;54070;193;56;9
KB2302|50791;31612;10626;8553;4996;55787;201;55;10
KB2303|55393;34337;11866;9190;5538;60931;211;54;10
KB2304|60085;36787;13447;9851;6041;66127;231;58;10
KB2305|64127;38748;15085;10295;6525;70652;241;58;10
KB2306|66554;39368;16381;10804;7718;74272;263;64;10
KB2307|69440;40482;17879;11079;8326;77766;277;65;12
KB2308|72438;42746;18344;11348;9404;81841;285;59;12
KB2309|74122;43306;19044;11772;10288;84411;293;60;12
KB2310|74659;43134;19610;11915;10379;85038;304;58;14
KB2311|75328;42774;20195;12360;11529;86858;322;64;15
KB2312|76129;42438;20863;12828;12250;88379;332;62;14
KB2401|75974;42139;21064;12770;13108;89081;354;60;15
KB2402|76914;42237;21487;13190;14352;91266;362;53;17
KB2403|78173;43189;21649;13336;16012;94185;382;58;17
KB2404|76460;43018;20645;12797;16310;92770;400;61;22
KB2405|75426;42950;19841;12635;16122;91547;411;59;21
KB2406|74779;43140;19067;12573;16900;91680;441;59;22
KB2407|74703;43963;18225;12515;17404;92107;444;62;24
KB2408|75157;45002;17420;12734;19373;94529;467;63;25
KB2409|75314;45912;16727;12675;21144;96457;521;65;30
KB2410|75744;46913;16088;12743;21807;97551;594;67;34
KB2411|76298;47945;15473;12879;24692;100990;663;74;36
KB2412|76644;48941;14959;12744;26149;102792;720;42;38
KB2501|76116;49466;14055;12595;27494;103610;774;43;41
KB2502|77295;51174;13274;12846;28107;105402;838;47;41
KB2503|80660;54444;12782;13434;29752;110411;957;53;43
KB2504|83825;57526;12503;13796;31559;115383;859;53;45
KB2505|84666;59062;11977;13626;33902;118567;918;56;47
KB2506|84461;59541;11355;13564;36318;120779;973;58;49
KB2507|83890;60164;10753;12973;40753;124643;905;61;53
KB2508|84559;61149;10247;13163;44182;128741;968;65;53
KB2509|86283;62693;9677;13913;47846;134129;1022;65;54
KB2510|88557;64238;9424;14895;49851;138407;1086;75;50
KB2511|90488;65442;9232;15814;54124;144611;802;77;50
KB2512|92955;66690;9865;16400;57683;150638;840;71;52
KB2601|94068;66872;9646;17550;62802;156870;937;74;52
KB2602|95928;67899;9426;18603;68018;163946;1045;75;56
KB2603|97836;68869;9384;19583;72686;170521;1153;78;56
KB2604|99983;70522;9203;20257;77393;177375;1235;74;57
KB2605|102375;72523;9114;20738;80584;182959;1316;77;66
KB2606|106931;76031;9542;21358;82750;189681;1156;73;48
KB2607|112633;81555;9418;21660;84628;197260;1239;75;52
KB2608|116326;84977;9343;22006;87361;203687;1330;83;55
KY2201|6556;1;819;5737;43;6599;434;0;26
KY2202|6709;1;819;5889;42;6751;447;1;28
KY2203|6946;1;951;5995;42;6989;449;1;28
KY2204|7199;1;1107;6091;41;7240;437;1;26
KY2205|7382;1;1201;6180;43;7425;454;1;24
KY2206|6685;1;1273;5411;42;6727;421;1;22
KY2207|6985;1;1300;5685;42;7027;427;0;29
KY2208|7145;1;1332;5813;42;7188;431;0;29
KY2209|7156;1;1345;5811;41;7197;449;0;28
KY2210|7130;0;1344;5786;40;7170;431;0;29
KY2211|7185;1;1345;5839;40;7225;380;0;24
KY2212|7418;2;1400;6016;39;7457;383;0;26
KY2301|7792;1;1402;6389;38;7830;389;0;29
KY2302|7933;2;1397;6535;36;7969;394;0;32
KY2303|8024;2;1400;6622;35;8059;391;0;31
KY2304|8306;4;1435;6867;36;8342;390;0;31
KY2305|8539;6;1470;7063;34;8573;387;0;30
KY2306|8705;6;1519;7180;35;8741;377;0;29
KY2307|8870;6;1493;7371;35;8905;375;0;30
KY2308|8989;6;1526;7456;36;9025;373;0;30
KY2309|8979;6;1498;7475;34;9013;375;0;29
KY2310|9008;6;1498;7504;33;9041;377;0;30
KY2311|9133;6;1510;7617;33;9165;388;0;32
KY2312|9474;7;1575;7893;32;9506;393;0;34
KY2401|10131;6;1550;8574;31;10161;401;0;36
KY2402|10433;6;1530;8896;29;10462;403;0;36
KY2403|10651;6;1564;9081;29;10680;310;0;29
KY2404|10847;6;1522;9318;28;10875;327;0;33
KY2405|11228;6;1460;9762;29;11257;343;0;33
KY2406|11487;6;1448;10033;28;11515;383;0;37
KY2407|11886;6;1439;10441;26;11912;428;0;39
KY2408|12234;6;1399;10829;27;12260;476;0;43
KY2409|12405;6;1365;11034;26;12430;551;0;45
KY2410|12535;6;1340;11190;25;12560;604;0;44
KY2411|12565;5;1313;11247;25;12590;547;0;34
KY2412|12592;5;1273;11315;26;12618;650;0;32
KY2501|12880;5;1205;11670;24;12904;759;0;32
KY2502|13169;13;1145;12011;23;13192;845;0;33
KY2503|13691;13;1105;12573;23;13713;919;0;34
KY2504|14783;12;1072;13699;23;14806;833;0;31
KY2505|15648;12;1052;14584;23;15671;926;0;34
KY2506|16479;14;1024;15441;22;16502;992;1;34
KY2507|17140;14;992;16135;22;17162;1084;1;37
KY2508|18859;13;947;17899;22;18881;1144;1;37
KY2509|19689;13;885;18791;22;19711;1228;1;39
KY2510|20302;12;826;19464;22;20324;1297;1;39
KY2511|20865;12;781;20072;21;20885;1135;1;37
KY2512|21447;12;740;20696;20;21467;1240;1;39
KY2601|22924;12;704;22208;19;22943;1345;0;40
KY2602|23935;11;660;23264;19;23954;1427;0;39
KY2603|24559;11;627;23922;19;24578;1523;0;41
KY2604|25072;11;601;24460;19;25091;1609;0;41
KY2605|25425;10;581;24834;19;25444;1446;0;44
KY2606|25844;10;547;25287;18;25862;1529;0;49
KY2607|26895;10;524;26361;19;26913;1670;0;50
KY2608|26503;9;511;25982;18;26521;1848;0;58
M2201|736852;274615;8273;453964;212632;949510;18790;801;115
M2202|743813;277787;8277;457749;219279;963117;19406;770;113
M2203|761284;284341;9700;467243;231492;992800;19778;739;98
M2204|783684;293649;11924;478110;240578;1024285;19601;708;95
M2205|827313;303600;14527;509186;262975;1090310;20066;694;92
M2206|866469;317618;16878;531973;281777;1148267;20177;652;87
M2207|880641;320435;18632;541573;300065;1180726;20841;643;87
M2208|895998;323873;20764;551361;321689;1217707;21548;621;87
M2209|914272;324613;23312;566348;344536;1258828;21249;593;87
M2210|940225;324991;26272;588962;365570;1305813;21872;581;87
M2211|975931;326086;30930;618915;399595;1375544;22328;558;86
M2212|1029548;329408;38897;661242;447954;1477518;21810;533;83
M2301|1071615;331630;41923;698062;488013;1559644;22393;517;83
M2302|1136585;336278;45069;755238;509091;1645691;22886;508;85
M2303|1208656;357443;51272;799942;571432;1780103;23665;500;86
M2304|1254278;373773;58440;822065;637284;1891576;24144;482;87
M2305|1294174;394081;63460;836632;714554;2008742;24174;476;90
M2306|1310527;399091;64831;846604;786020;2096560;24494;470;91
M2307|1337097;401292;66509;869296;848630;2185740;25756;467;94
M2308|1361222;404563;67671;888987;914796;2276030;26954;459;93
M2309|1366907;402595;67463;896849;965489;2332408;26907;450;90
M2310|1379604;399893;68139;911573;1001204;2380820;28177;444;89
M2311|1397122;397633;69536;929954;1068913;2466046;28339;441;89
M2312|1431846;395777;73506;962563;1172934;2604790;29054;433;94
M2401|1451112;394542;71754;984815;1236947;2688069;31087;431;96
M2402|1494032;395960;70715;1027357;1300769;2794811;32547;424;99
M2403|1539044;401128;69724;1068191;1395526;2934580;32120;422;99
M2404|1561781;401343;68919;1091519;1404480;2966270;34423;447;108
M2405|1599905;403939;70701;1125265;1438371;3038285;36250;453;112
M2406|1645352;403786;70173;1171393;1481776;3127136;36712;481;117
M2407|1673690;406609;66669;1200411;1528050;3201747;41619;530;126
M2408|1714134;411688;63341;1239106;1594084;3308226;43185;555;138
M2409|1751865;419396;60623;1271847;1629070;3380943;45297;581;148
M2410|1801329;433553;58498;1309278;1662684;3464020;48031;601;157
M2411|1856336;448172;58434;1349730;1743077;3599419;50735;637;147
M2412|1932851;463313;59000;1410538;1828947;3761804;57934;653;152
M2501|1973492;473984;55959;1443549;1880904;3854403;64071;681;163
M2502|2026551;483842;54012;1488697;1897751;3924308;69894;719;167
M2503|2077959;493929;52186;1531844;1964494;4042459;71379;738;167
M2504|2151867;504254;50797;1596816;2039217;4191090;78027;762;179
M2505|2215772;516378;48535;1650858;2173129;4388907;83001;792;180
M2506|2289947;523709;47026;1719212;2220315;4510268;87212;826;185
M2507|2346144;534430;44886;1766828;2348090;4694239;92233;856;189
M2508|2411283;547532;42142;1821608;2447528;4858815;95142;927;203
M2509|2503634;561059;39785;1902789;2499985;5003623;97899;953;204
M2510|2584000;577894;39341;1966765;2541644;5125648;103739;985;215
M2511|2677193;593316;39345;2044533;2649913;5327111;108490;986;227
M2512|2825558;612269;41439;2171850;2746678;5572240;114787;1056;243
M2601|2871466;624460;38696;2208310;2828847;5700317;123157;1095;261
M2602|2918008;647889;37132;2232987;2868188;5786199;127305;1104;277
M2603|3045475;673092;36596;2335787;2959692;6005171;128955;1177;304
M2604|3095226;696781;35477;2362967;3032628;6127857;133278;1180;321
M2605|3140035;710384;34451;2395200;3174987;6315026;136667;1275;341
M2606|3268839;725397;32973;2510469;3216625;6485467;146968;1321;376
M2607|3290284;734091;32165;2524028;3337060;6627347;156785;1437;398
M2608|3324721;741778;31854;2551089;3423442;6748166;166766;1584;422
S2201|777146;300667;12687;463792;214776;991948;19390;890;150
S2202|784578;303986;12690;467902;221561;1006164;20021;857;151
S2203|803210;310966;14559;477686;233911;1037145;20376;800;138
S2204|827451;321058;17487;488905;243113;1070587;20191;769;130
S2205|873247;331761;20956;520530;265711;1138981;20682;756;126
S2206|913779;346952;23895;542932;284801;1198601;20765;714;119
S2207|928660;349959;25836;552865;303204;1231884;21439;703;126
S2208|944840;353474;28272;563094;325073;1269933;22161;685;126
S2209|964152;354392;31347;578412;348208;1312378;21886;657;126
S2210|991139;354883;34968;601287;369348;1360505;22493;643;125
S2211|1028461;356255;40424;631782;403801;1432280;22899;617;119
S2212|1084553;360075;49675;674803;452478;1537048;22372;590;118
S2301|1128560;362695;53293;712572;492968;1621544;22974;573;121
S2302|1195309;367891;57092;770325;514124;1709448;23481;563;127
S2303|1272074;391782;64538;815754;577005;1849093;24268;554;127
S2304|1322669;410564;73322;838783;643361;1966045;24765;540;129
S2305|1366841;432835;80015;853990;721113;2087967;24802;534;130
S2306|1385785;438466;82731;864589;793774;2179572;25134;534;130
S2307|1415407;441780;85881;887745;856990;2272411;26408;532;135
S2308|1442648;447315;87541;907791;924236;2366896;27613;518;135
S2309|1450009;445908;88005;916096;975811;2425832;27575;510;130
S2310|1463271;443033;89246;930992;1011616;2474899;28857;502;132
S2311|1481583;440412;91240;949931;1080475;2562069;29048;505;136
S2312|1517449;438222;95943;983284;1185215;2702675;29778;495;141
S2401|1537217;436688;94369;1006160;1250085;2787312;31842;491;147
S2402|1581379;438203;93732;1049444;1315150;2896539;33312;477;151
S2403|1627868;444323;92937;1090608;1411567;3039445;32812;480;146
S2404|1649088;444367;91086;1113635;1420818;3069916;35150;508;162
S2405|1686559;446895;92003;1147661;1454521;3141089;37004;512;166
S2406|1731618;446932;90688;1193998;1498704;3230331;37536;541;176
S2407|1760278;450578;86334;1223367;1545480;3305766;42491;593;189
S2408|1801525;456695;82161;1262668;1613483;3415015;44128;619;207
S2409|1839584;465313;78715;1295555;1650239;3489830;46370;647;223
S2410|1889608;480472;75925;1333210;1684517;3574131;49229;668;236
S2411|1945198;496122;75219;1373857;1767795;3713000;51945;711;217
S2412|2022087;512259;75232;1434596;1855121;3877214;59304;696;221
S2501|2062488;523455;71219;1467814;1908423;3970917;65604;725;236
S2502|2117015;535029;68431;1513554;1925882;4042902;71578;766;241
S2503|2172309;548385;66074;1557850;1994269;4166583;73255;792;244
S2504|2250476;561793;64372;1624310;2070799;4321280;79720;815;255
S2505|2316086;575453;61564;1679069;2207054;4523145;84844;848;261
S2506|2390888;583265;59405;1748218;2256655;4647549;89177;885;268
S2507|2447174;594607;56632;1795936;2388865;4836044;94222;917;278
S2508|2514701;608694;53336;1852670;2491732;5006437;97254;993;293
S2509|2609606;623765;50347;1935494;2547853;5157463;100149;1019;297
S2510|2692859;642144;49590;2001124;2591517;5284380;106121;1061;304
S2511|2788546;658770;49358;2080418;2704057;5492607;110426;1064;313
S2512|2939960;678970;52044;2208946;2804381;5744345;116867;1128;334
S2601|2988458;691343;49046;2248069;2891668;5880130;125439;1168;353
S2602|3037870;715799;47218;2274853;2936225;5974099;129777;1180;372
S2603|3167871;741972;46606;2379292;3032396;6200270;131632;1255;401
S2604|3220281;767314;45282;2407685;3110039;6330323;136122;1254;419
S2605|3267835;782918;44145;2440772;3255590;6523428;139430;1352;451
S2606|3401614;801438;43062;2557114;3299394;6701011;149653;1394;474
S2607|3429812;815656;42107;2572049;3421706;6851521;159693;1512;501
S2608|3467551;826764;41709;2599078;3510821;6978374;169945;1667;535
YA2201|166357;33620;2816;129922;79620;245996;4873;247;41
YA2202|167630;33283;2790;131558;82616;250264;5046;234;41
YA2203|172325;33127;2965;136234;86911;259253;5151;219;28
YA2204|177828;33284;3319;141225;90525;268369;5313;211;28
YA2205|187815;33112;3549;151154;98369;286200;5508;208;27
YA2206|194485;32911;3805;157769;104748;299247;5486;195;26
YA2207|198648;32457;4284;161907;112169;310831;5730;191;27
YA2208|202874;31898;4465;166510;120652;323540;6007;183;26
YA2209|210946;31321;4708;174917;129873;340833;5713;172;27
YA2210|222074;30833;5113;186127;138119;360205;5948;169;26
YA2211|236444;30368;5913;200163;150576;387032;6142;162;26
YA2212|253065;29949;7842;215274;166068;419146;5933;153;26
YA2301|265933;30223;8343;227367;178259;444204;6260;144;26
YA2302|273966;31067;9131;233769;187377;461354;6578;144;27
YA2303|288477;32957;10645;244874;211061;499548;7041;140;27
YA2304|299515;35028;12257;252229;236060;535585;7331;134;27
YA2305|313771;38318;12899;262554;260833;574614;7280;128;26
YA2306|318099;38974;12791;266335;289208;607317;7709;128;27
YA2307|329219;40746;13385;275088;314053;643281;8229;125;27
YA2308|337183;43000;13257;280926;340345;677538;8873;126;27
YA2309|336582;42914;13138;280530;359213;695803;8486;123;28
YA2310|343554;42821;13849;286884;370248;713811;9007;121;28
YA2311|355802;43034;14646;298122;394027;749836;9558;119;28
YA2312|369837;42978;16525;310334;430906;800751;9997;123;31
YA2401|380288;43205;16132;320952;448283;828578;10860;123;33
YA2402|394203;44812;16291;333100;466796;861006;11463;126;34
YA2403|408702;46855;16005;345842;497503;906212;11196;133;36
YA2404|417548;46862;15289;355396;498445;916000;12089;136;37
YA2405|432958;48251;16582;368125;511479;944443;13246;141;38
YA2406|449568;49269;16207;384092;529946;979520;13467;154;40
YA2407|463227;50939;15659;396630;545666;1008899;15401;185;41
YA2408|478710;54123;15257;409331;573556;1052272;16297;200;44
YA2409|495619;58288;14997;422335;589499;1085123;16806;223;48
YA2410|514543;62204;15000;437338;610212;1124759;17179;220;43
YA2411|531458;66131;15575;449752;642616;1174078;18059;228;39
YA2412|549176;70177;16171;462828;671163;1220343;20048;248;43
YA2501|561501;73714;15746;472042;681232;1242738;22266;253;45
YA2502|575996;77221;15867;482907;680217;1256216;24505;270;44
YA2503|594384;79759;15931;498695;700468;1294857;24539;271;43
YA2504|618622;81279;16383;520961;720888;1339515;27088;292;45
YA2505|637480;84433;16278;536769;767539;1405023;28747;306;41
YA2506|665490;87149;16389;561952;783487;1448981;30562;317;44
YA2507|681015;90107;16041;574868;827294;1508313;31356;308;41
YA2508|704377;93089;15430;595858;862925;1567306;32468;353;44
YA2509|736235;95434;14995;625806;879710;1615948;33235;352;41
YA2510|761390;99425;14881;647084;890720;1652113;35713;362;38
YA2511|792043;103284;14721;674038;924107;1716153;37331;367;35
YA2512|842669;107270;15079;720320;953051;1795723;38603;398;37
YA2601|859574;110682;14046;734845;982631;1842207;41143;434;38
YA2602|871942;114481;13503;743959;997776;1869721;42631;445;41
YA2603|911764;118438;13004;780322;1032538;1944305;43406;464;40
YA2604|932753;121464;12633;798656;1064291;1997045;44504;478;42
YA2605|951089;122878;12471;815740;1122248;2073338;44378;520;44
YA2606|989883;124727;11591;853564;1133013;2122898;47057;533;47
YA2607|1010557;125643;10677;874237;1175834;2186393;48230;581;48
YA2608|1030771;126063;9943;894765;1206934;2237707;50291;644;51
YO2201|243089;55140;3844;184105;92025;335121;6771;212;36
YO2202|245197;54626;3771;186800;94427;339631;7227;203;35
YO2203|250356;54346;4225;191785;100115;350477;7698;196;34
YO2204|258094;54777;5001;198316;103685;361786;7390;185;32
YO2205|274001;55372;5879;212750;113672;387680;7653;179;30
YO2206|286064;56891;6690;222483;122344;408414;7910;171;27
YO2207|290979;56745;7200;227033;131218;422202;8327;167;27
YO2208|296110;56926;8169;231015;139547;435663;8816;157;28
YO2209|304668;57453;9336;237880;148758;453431;8867;149;28
YO2210|317396;58162;10579;248655;157396;474798;9327;144;28
YO2211|335023;59542;12272;263209;172647;507675;9693;138;28
YO2212|361390;62161;14913;284316;195150;556544;9583;130;28
YO2301|384257;64183;16082;303992;210128;594389;9933;128;29
YO2302|396095;66979;17177;311939;217297;613396;10252;131;30
YO2303|422045;73799;19406;328840;241258;663308;10609;131;32
YO2304|443797;79614;22300;341882;268010;711810;10890;124;33
YO2305|462275;84184;23890;354201;298504;760784;11010;130;36
YO2306|463151;84486;23678;354987;326307;789462;11008;130;38
YO2307|477227;85343;24168;367716;353020;830251;11698;129;41
YO2308|492415;86892;24849;380673;381997;874416;12287;124;41
YO2309|505512;87621;24892;392999;405537;911052;12755;126;37
YO2310|519189;88277;25165;405747;422508;941701;13530;126;37
YO2311|532739;89119;26069;417551;457073;989816;13134;130;37
YO2312|557279;90700;28576;438003;507398;1064680;13414;123;38
YO2401|573423;92711;28351;452362;532373;1105799;14520;128;40
YO2402|592419;96013;28346;468060;562740;1155162;15365;124;41
YO2403|613986;102521;28477;482988;611377;1225366;15259;124;41
YO2404|629091;106113;27292;495686;617579;1246673;16621;144;47
YO2405|652981;110852;27602;514527;636615;1289598;17022;151;50
YO2406|678454;112900;28056;537498;661496;1339953;16841;166;53
YO2407|694505;117745;26738;550022;684217;1378725;19047;181;60
YO2408|713364;123043;25404;564917;716483;1429849;19350;190;68
YO2409|723445;129238;23956;570251;725438;1448885;20159;200;74
YO2410|737732;135364;22710;579658;729707;1467441;21346;208;86
YO2411|756185;142275;22373;591537;762442;1518629;22371;227;78
YO2412|780444;148931;22927;608586;793155;1573601;25991;220;80
YO2501|796685;153185;21831;621669;808905;1605593;28400;243;87
YO2502|815581;157270;21317;636994;814568;1630151;30652;256;92
YO2503|834286;162372;21085;650828;842124;1676411;31253;274;93
YO2504|873498;166847;20863;685787;873660;1747159;33649;274;98
YO2505|903055;169725;20040;713291;936264;1839321;34769;286;101
YO2506|932785;174742;19622;738420;959596;1892382;35503;304;104
YO2507|964386;183719;19092;761575;1022269;1986657;38103;348;110
YO2508|992637;188604;18161;785872;1071613;2064251;38754;377;121
YO2509|1032736;194290;17379;821067;1094226;2126964;38652;400;127
YO2510|1059876;203629;17182;839065;1115154;2175032;40632;425;141
YO2511|1105410;212158;17369;875883;1178556;2283967;42209;426;157
YO2512|1160754;221185;18672;920897;1217345;2378100;43971;451;172
YO2601|1169573;224936;17544;927093;1246657;2416231;47975;460;188
YO2602|1191458;235289;17011;939158;1257082;2448541;49577;467;203
YO2603|1243267;251371;17178;974718;1287159;2530428;49365;517;229
YO2604|1261969;260926;16371;984672;1308672;2570642;51586;508;243
YO2605|1284859;267069;15112;1002678;1372668;2657528;54259;556;262
YO2606|1340522;272487;14302;1053733;1381490;2722013;57496;576;292
YO2607|1355180;276650;14158;1064372;1426494;2781676;61018;628;312
YO2608|1368851;280244;13807;1074800;1451920;2820772;65353;693;333
