KA2201|6767;1477;8623
KA2202|6762;1516;8648
KA2203|6570;1471;8400
KA2204|6551;1475;8374
KA2205|6563;1495;8400
KA2206|6462;1503;8284
KA2207|6467;1544;8328
KA2208|6412;1574;8299
KA2209|6364;1607;8275
KA2210|6297;1640;8237
KA2211|6204;1640;8133
KA2212|6016;1634;7929
KA2301|5929;1667;7867
KA2302|5795;1623;7679
KA2303|5759;1730;7745
KA2304|5672;1808;7731
KA2305|5638;1888;7771
KA2306|5538;1927;7704
KA2307|5590;2177;8005
KA2308|5559;2357;8151
KA2309|5440;2494;8159
KA2310|5420;2706;8346
KA2311|5432;2904;8552
KA2312|5433;3205;8848
KA2401|5504;3499;9206
KA2402|5522;3791;9510
KA2403|5479;4196;9863
KA2404|5522;4742;10455
KA2405|5797;5340;11323
KA2406|6219;6275;12679
KA2407|6982;7408;14579
KA2408|7347;8361;15899
KA2409|8147;9457;17789
KA2410|9305;8922;18428
KA2411|10094;9317;19622
KA2412|11681;10339;22234
KA2501|13191;11889;25295
KA2502|14513;12983;27720
KA2503|15362;14205;29791
KA2504|17058;14937;32227
KA2505|19247;16116;35600
KA2506|20904;17749;38895
KA2507|22536;18504;41279
KA2508|23686;19360;43280
KA2509|25775;21484;47496
KA2510|27159;22127;49520
KA2511|28723;22888;51838
KA2512|31972;24449;56662
KA2601|33803;25601;59640
KA2602|34870;26084;61180
KA2603|35952;27118;63301
KA2604|36959;27795;64983
KA2605|37797;28323;66354
KA2606|42166;31346;73761
KA2607|47271;32653;80190
KA2608|50837;33379;84500
KB2201|68;22;188
KB2202|71;24;192
KB2203|77;25;175
KB2204|83;27;180
KB2205|90;28;191
KB2206|96;29;196
KB2207|102;31;203
KB2208|108;32;214
KB2209|115;32;220
KB2210|118;36;226
KB2211|124;37;229
KB2212|114;37;217
KB2301|127;40;232
KB2302|136;42;243
KB2303|147;44;256
KB2304|162;47;278
KB2305|173;48;290
KB2306|188;51;314
KB2307|200;50;327
KB2308|214;55;340
KB2309|221;59;352
KB2310|233;65;369
KB2311|243;64;385
KB2312|256;86;417
KB2401|279;104;459
KB2402|293;121;483
KB2403|306;140;522
KB2404|318;162;562
KB2405|332;189;600
KB2406|360;230;671
KB2407|357;270;714
KB2408|379;332;800
KB2409|427;392;914
KB2410|493;450;1044
KB2411|553;525;1187
KB2412|640;682;1402
KB2501|690;809;1584
KB2502|750;907;1745
KB2503|861;1038;1995
KB2504|761;1152;2011
KB2505|815;1286;2204
KB2506|866;1327;2299
KB2507|791;1287;2192
KB2508|849;1422;2390
KB2509|903;1574;2596
KB2510|960;1727;2813
KB2511|675;1631;2433
KB2512|717;1727;2567
KB2601|811;2108;3044
KB2602|914;2552;3597
KB2603|1020;2939;4093
KB2604|1103;3352;4586
KB2605|1173;3880;5196
KB2606|1035;3987;5143
KB2607|1111;4480;5719
KB2608|1192;5053;6383
KY2201|407;7;441
KY2202|419;7;454
KY2203|420;14;463
KY2204|411;13;450
KY2205|429;7;460
KY2206|399;6;427
KY2207|397;6;432
KY2208|402;6;437
KY2209|421;6;455
KY2210|401;6;436
KY2211|356;5;385
KY2212|356;4;387
KY2301|360;4;393
KY2302|362;4;398
KY2303|359;4;395
KY2304|358;4;394
KY2305|357;4;391
KY2306|348;4;381
KY2307|345;4;379
KY2308|343;4;378
KY2309|346;4;379
KY2310|347;4;381
KY2311|355;4;392
KY2312|359;4;397
KY2401|364;4;405
KY2402|366;4;407
KY2403|281;2;312
KY2404|294;2;329
KY2405|310;2;345
KY2406|345;2;385
KY2407|388;2;430
KY2408|432;2;478
KY2409|506;2;553
KY2410|559;2;606
KY2411|513;2;549
KY2412|618;2;652
KY2501|726;2;761
KY2502|812;2;847
KY2503|884;2;921
KY2504|802;2;836
KY2505|891;2;928
KY2506|958;2;994
KY2507|1047;2;1086
KY2508|1106;2;1147
KY2509|1188;3;1230
KY2510|1258;3;1300
KY2511|1098;2;1136
KY2512|1200;2;1242
KY2601|1304;2;1346
KY2602|1388;2;1429
KY2603|1483;2;1525
KY2604|1568;2;1611
KY2605|1403;2;1448
KY2606|1480;2;1531
KY2607|1620;2;1672
KY2608|1790;2;1850
M2201|17875;6394;25184
M2202|18523;6616;26022
M2203|18941;6738;26516
M2204|18798;6563;26164
M2205|19280;6658;26724
M2206|19438;6714;26892
M2207|20111;6980;27821
M2208|20840;7252;28800
M2209|20568;7148;28397
M2210|21205;7437;29310
M2211|21684;7610;29938
M2212|21194;7361;29171
M2301|21794;7707;30100
M2302|22293;7939;30825
M2303|23080;8342;32007
M2304|23574;8669;32812
M2305|23609;8782;32956
M2306|23934;9277;33771
M2307|25195;10207;35963
M2308|26402;11224;38178
M2309|26367;11653;38559
M2310|27644;13029;41205
M2311|27809;14103;42442
M2312|28527;15385;44439
M2401|30560;17570;48657
M2402|32025;19588;52135
M2403|31599;21349;53469
M2404|33868;24586;59009
M2405|35685;27450;63700
M2406|36115;30991;67703
M2407|40963;36848;78467
M2408|42492;40756;83941
M2409|44568;44290;89586
M2410|47273;45715;93746
M2411|49952;49490;100226
M2412|57129;54973;112908
M2501|63227;62956;127027
M2502|69009;69944;139838
M2503|70474;73227;144607
M2504|77087;80495;158523
M2505|82029;86085;169086
M2506|86200;91973;179184
M2507|91189;96739;188973
M2508|94013;100880;196022
M2509|96742;105488;203388
M2510|102538;111652;215391
M2511|107277;116451;224941
M2512|113488;122924;237711
M2601|121802;133220;256378
M2602|125923;137801;265106
M2603|127473;141694;270649
M2604|131777;147367;280645
M2605|135051;152913;289580
M2606|145270;164921;311889
M2607|154949;175304;332088
M2608|164761;186684;353450
S2201|18350;6423;25813
S2202|19013;6647;26668
S2203|19438;6778;27154
S2204|19292;6602;26794
S2205|19800;6693;27375
S2206|19932;6749;27514
S2207|20610;7016;28456
S2208|21350;7290;29451
S2209|21104;7186;29072
S2210|21725;7479;29971
S2211|22164;7652;30552
S2212|21664;7403;29775
S2301|22280;7751;30726
S2302|22791;7986;31467
S2303|23586;8391;32658
S2304|24095;8720;33485
S2305|24138;8834;33637
S2306|24470;9332;34466
S2307|25740;10262;36669
S2308|26960;11282;38895
S2309|26934;11715;39290
S2310|28223;13098;41955
S2311|28407;14171;43219
S2312|29142;15475;45253
S2401|31204;17679;49521
S2402|32684;19713;53025
S2403|32186;21491;54303
S2404|34479;24749;59899
S2405|36326;27641;64645
S2406|36820;31223;68759
S2407|41709;37121;79612
S2408|43303;41090;85219
S2409|45500;44684;91053
S2410|48325;46168;95397
S2411|51017;50017;101962
S2412|58386;55658;114961
S2501|64644;63768;129372
S2502|70571;70853;142431
S2503|72220;74267;147522
S2504|78649;81649;161369
S2505|83735;87373;172217
S2506|88024;93302;182478
S2507|93027;98028;192251
S2508|95969;102304;199559
S2509|98833;107065;207214
S2510|104756;113382;219504
S2511|109049;118084;228510
S2512|115405;124652;241519
S2601|123917;135330;260768
S2602|128226;140355;270132
S2603|129976;144635;276266
S2604|134449;150720;286842
S2605|137626;156795;296224
S2606|147785;168910;318563
S2607|157680;179786;339479
S2608|167743;191739;361684
YA2201|4585;2138;7012
YA2202|4772;2199;7245
YA2203|4903;2263;7414
YA2204|5075;2326;7640
YA2205|5273;2401;7909
YA2206|5264;2405;7891
YA2207|5512;2522;8251
YA2208|5797;2645;8652
YA2209|5514;2529;8242
YA2210|5752;2669;8618
YA2211|5953;2762;8903
YA2212|5753;2701;8634
YA2301|6089;2883;9142
YA2302|6407;3045;9623
YA2303|6875;3226;10267
YA2304|7170;3383;10714
YA2305|7127;3346;10627
YA2306|7555;3676;11385
YA2307|8077;4051;12281
YA2308|8721;4591;13464
YA2309|8334;4574;13060
YA2310|8857;5202;14209
YA2311|9411;5904;15462
YA2312|9842;6685;16682
YA2401|10704;7715;18575
YA2402|11302;8564;20027
YA2403|11027;9082;20277
YA2404|11917;10401;22490
YA2405|13067;11763;25009
YA2406|13273;13246;26712
YA2407|15176;15631;31033
YA2408|16053;17247;33544
YA2409|16535;18131;34937
YA2410|16915;18823;36003
YA2411|17792;20625;38684
YA2412|19757;22475;42523
YA2501|21968;25170;47436
YA2502|24192;28530;53035
YA2503|24226;28974;53514
YA2504|26751;32445;59534
YA2505|28400;34707;63454
YA2506|30201;37322;67884
YA2507|31008;38612;69968
YA2508|32072;40668;73136
YA2509|32841;42601;75836
YA2510|35313;45106;80820
YA2511|36929;47859;85190
YA2512|38168;49598;88201
YA2601|40671;53480;94623
YA2602|42146;55399;98030
YA2603|42902;57067;100474
YA2604|43984;58722;103226
YA2605|43813;59616;103994
YA2606|46477;64361;111418
YA2607|47601;67453;115683
YA2608|49596;71209;121500
YO2201|6524;2779;9550
YO2202|6989;2901;10128
YO2203|7467;3004;10702
YO2204|7173;2761;10151
YO2205|7444;2762;10415
YO2206|7712;2806;10717
YO2207|8132;2914;11241
YO2208|8631;3033;11850
YO2209|8690;3012;11879
YO2210|9155;3129;12456
YO2211|9526;3209;12902
YO2212|9425;3025;12608
YO2301|9776;3157;13091
YO2302|10091;3272;13523
YO2303|10446;3386;13995
YO2304|10732;3477;14367
YO2305|10844;3548;14558
YO2306|10841;3674;14682
YO2307|11528;3979;15677
YO2308|12123;4276;16563
YO2309|12593;4585;17341
YO2310|13366;5121;18650
YO2311|12967;5295;18428
YO2312|13252;5495;18909
YO2401|14352;6356;20876
YO2402|15200;7233;22598
YO2403|15094;8071;23330
YO2404|16429;9443;26064
YO2405|16821;10347;27368
YO2406|16622;11471;28312
YO2407|18806;13809;32855
YO2408|19092;15148;34498
YO2409|19885;16701;36860
YO2410|21052;17970;39316
YO2411|22066;19548;41920
YO2412|25691;22160;48151
YO2501|28069;25897;54297
YO2502|30304;28431;59084
YO2503|30887;30048;61302
YO2504|33277;33113;66762
YO2505|34382;35263;70031
YO2506|35095;36902;72405
YO2507|37645;39623;77726
YO2508|38255;40852;79606
YO2509|38125;41403;80056
YO2510|40066;44419;85051
YO2511|41625;45704;87912
YO2512|43348;48877;92848
YO2601|47327;54139;102115
YO2602|48908;56318;105895
YO2603|48619;57508;106873
YO2604|50834;60850;112436
YO2605|53441;64973;119232
YO2606|56628;69214;126710
YO2607|60077;75197;136215
YO2608|64328;82096;147449
