KA2201|457132;32730;489862;20743
KA2202|464718;34054;498772;21190
KA2203|505562;41612;547174;22017
KA2204|531809;40943;572752;22397
KA2205|561373;46448;607821;22953
KA2206|593404;42105;635509;23131
KA2207|605813;44269;650082;23472
KA2208|636015;42979;678995;23474
KA2209|659946;40838;700783;23194
KA2210|691578;38836;730414;22904
KA2211|747200;39747;786948;22665
KA2212|832827;41677;874504;21847
KA2301|881358;41177;922536;21716
KA2302|936723;40426;977150;21393
KA2303|1040236;41950;1082187;20928
KA2304|1148379;37313;1185692;20729
KA2305|1255072;43627;1298699;20932
KA2306|1277163;53530;1330693;20798
KA2307|1310006;57098;1367105;20608
KA2308|1331338;54139;1385476;20456
KA2309|1358168;63512;1421680;19984
KA2310|1356131;70039;1426171;20418
KA2311|1360350;72430;1432780;20636
KA2312|1368150;75507;1443657;20840
KA2401|1379269;84926;1464195;20868
KA2402|1413573;96335;1509908;21088
KA2403|1449596;107777;1557374;22081
KA2404|1439156;112546;1551701;22684
KA2405|1425373;119178;1544551;23708
KA2406|1442370;126510;1568880;25612
KA2407|1464127;133012;1597139;27190
KA2408|1501845;142422;1644267;28838
KA2409|1551672;149578;1701250;31735
KA2410|1571288;156627;1727915;34065
KA2411|1606894;168104;1774998;35384
KA2412|1656630;184279;1840909;39876
KA2501|1694824;190447;1885272;42537
KA2502|1756410;200831;1957242;44508
KA2503|1783157;212022;1995180;48364
KA2504|1840665;219329;2059994;52746
KA2505|1855535;204436;2059971;55943
KA2506|1893599;207040;2100639;62756
KA2507|1962543;208781;2171324;66614
KA2508|2061206;248687;2309893;73464
KA2509|2126778;255752;2382530;80628
KA2510|2195669;255859;2451527;83158
KA2511|2250373;265434;2515806;85559
KA2512|2347968;296530;2644498;92941
KA2601|2378578;307290;2685868;99222
KA2602|2458479;319199;2777678;103165
KA2603|2532015;328105;2860120;109516
KA2604|2612716;339704;2952420;114953
KA2605|2645918;331368;2977286;116714
KA2606|2750389;345388;3095777;129349
KA2607|2803989;345387;3149376;135154
KA2608|2870561;369936;3240497;140063
KB2201|63581;35293;98874;4859
KB2202|67029;36780;103809;4900
KB2203|86686;45798;132484;5661
KB2204|99172;47148;146320;5804
KB2205|105760;52908;158668;5975
KB2206|112577;51988;164565;4647
KB2207|115470;54204;169674;4913
KB2208|121732;53102;174834;4838
KB2209|131747;54540;186287;4802
KB2210|142700;53424;196124;4816
KB2211|153184;52636;205820;4683
KB2212|172723;53176;225899;4758
KB2301|193682;47640;241322;3364
KB2302|221929;47423;269352;3372
KB2303|246724;49057;295781;3367
KB2304|265473;49954;315426;3573
KB2305|275175;54986;330162;3526
KB2306|280521;68922;349443;3756
KB2307|283254;70568;353822;3822
KB2308|279611;70252;349863;3737
KB2309|281080;70844;351924;3795
KB2310|289194;74046;363240;3891
KB2311|303884;77728;381612;3991
KB2312|314079;79714;393793;3879
KB2401|326000;88029;414029;3844
KB2402|335092;92425;427518;4188
KB2403|347594;101757;449350;4516
KB2404|334772;104511;439284;4642
KB2405|345893;127622;473515;5683
KB2406|338836;135704;474539;5788
KB2407|328326;143012;471337;6525
KB2408|330681;152739;483420;7117
KB2409|339504;159848;499352;7562
KB2410|340897;165223;506120;8316
KB2411|342656;173609;516265;9200
KB2412|354292;182040;536332;9531
KB2501|359607;187123;546730;10545
KB2502|376625;195890;572515;11551
KB2503|392858;210616;603474;12694
KB2504|405966;223187;629153;15928
KB2505|382904;202383;585287;14570
KB2506|390324;209439;599763;15255
KB2507|395291;211753;607044;17042
KB2508|417820;244250;662069;19453
KB2509|428112;238427;666539;21154
KB2510|445053;229134;674187;22848
KB2511|458198;226458;684656;24421
KB2512|478361;234571;712932;25924
KB2601|477252;240200;717452;29265
KB2602|498870;246481;745351;30953
KB2603|519187;244090;763276;33461
KB2604|531897;233759;765656;34432
KB2605|535427;224999;760426;36918
KB2606|560236;235241;795477;38512
KB2607|575529;240745;816274;41811
KB2608|577970;241922;819892;35974
KY2201|5969;35373;41342;1503
KY2202|6647;36866;43514;1517
KY2203|8327;36626;44953;1362
KY2204|9616;36347;45963;1360
KY2205|11101;39262;50363;1452
KY2206|12928;38810;51739;1429
KY2207|14234;40807;55041;1468
KY2208|16320;38005;54325;1466
KY2209|17261;37647;54908;1424
KY2210|19113;38288;57401;1317
KY2211|20565;39721;60286;1308
KY2212|24426;39270;63696;1169
KY2301|27306;39808;67114;1167
KY2302|31418;42194;73611;1167
KY2303|37694;44401;82096;1166
KY2304|39859;45206;85065;1155
KY2305|40787;49959;90746;1068
KY2306|42362;61029;103391;1008
KY2307|45401;63745;109146;979
KY2308|50642;63745;114388;975
KY2309|53661;65189;118850;1008
KY2310|57093;67758;124851;1000
KY2311|61912;71364;133276;991
KY2312|63223;71658;134881;2070
KY2401|64542;75959;140501;2069
KY2402|66536;79076;145613;2084
KY2403|71438;85268;156705;2069
KY2404|72717;88280;160996;2068
KY2405|70180;89229;159410;2007
KY2406|69219;95211;164431;1970
KY2407|68136;101779;169915;2183
KY2408|65896;110420;176316;2231
KY2409|66760;114249;181009;2152
KY2410|65533;118159;183692;2114
KY2411|63283;123262;186545;1977
KY2412|59542;94506;154048;824
KY2501|57592;101397;158989;792
KY2502|59682;108286;167967;792
KY2503|59631;120307;179938;787
KY2504|64058;130793;194852;750
KY2505|60949;129837;190786;781
KY2506|61128;137590;198718;769
KY2507|62329;141370;203698;767
KY2508|64940;144645;209585;769
KY2509|70027;149830;219857;863
KY2510|74276;170988;245264;877
KY2511|76950;173708;250658;865
KY2512|81765;169296;251061;1474
KY2601|81953;166942;248895;1047
KY2602|85062;168844;253906;1049
KY2603|92540;172009;264549;1144
KY2604|91114;180339;271453;1083
KY2605|88952;172131;261083;1116
KY2606|87085;171832;258917;1150
KY2607|89889;178977;268866;1160
KY2608|97306;188527;285833;1394
M2201|797141;145868;943009;52648
M2202|818032;150158;968190;52282
M2203|919417;170414;1089831;56048
M2204|982187;170502;1152688;55243
M2205|1042724;190932;1233656;55745
M2206|1113281;181851;1295132;55220
M2207|1138150;191171;1329321;54618
M2208|1197430;181861;1379291;53451
M2209|1280929;189731;1470660;53773
M2210|1351418;184055;1535473;53218
M2211|1434812;187699;1622510;52229
M2212|1551153;187802;1738955;52607
M2301|1612988;177493;1790480;51095
M2302|1679421;173973;1853394;48656
M2303|1816288;173507;1989795;47752
M2304|1964529;175857;2140386;50412
M2305|2104068;207849;2311916;48314
M2306|2114903;263938;2378841;47400
M2307|2149786;255413;2405199;47542
M2308|2197246;249471;2446716;47886
M2309|2251341;260997;2512337;46123
M2310|2276650;280273;2556923;46757
M2311|2323127;292760;2615886;47407
M2312|2384180;293807;2677987;51186
M2401|2446274;294556;2740830;50561
M2402|2542898;317711;2860609;47387
M2403|2651600;346402;2998002;49114
M2404|2639776;344411;2984187;49136
M2405|2658387;377715;3036102;50784
M2406|2685886;382750;3068636;52243
M2407|2711276;396339;3107614;54783
M2408|2778383;420113;3198496;59392
M2409|2880614;435304;3315918;62476
M2410|2923582;439105;3362687;66833
M2411|2996620;455502;3452122;69978
M2412|3110887;484392;3595278;76168
M2501|3190468;499117;3689584;80381
M2502|3292624;523488;3816112;84520
M2503|3385728;556551;3942279;92337
M2504|3495729;597342;4093071;99254
M2505|3433982;525101;3959083;101795
M2506|3536572;529580;4066152;111725
M2507|3627722;531351;4159073;119540
M2508|3870385;657500;4527885;138221
M2509|4034384;698554;4732937;149864
M2510|4157568;704918;4862486;154966
M2511|4304820;733933;5038753;160179
M2512|4496364;757721;5254084;173074
M2601|4568677;798499;5367176;183892
M2602|4760392;820097;5580489;193845
M2603|4936374;823709;5760083;205656
M2604|5101726;855683;5957409;216546
M2605|5162579;842536;6005115;222368
M2606|5348982;849909;6198891;237000
M2607|5400432;822989;6223421;241879
M2608|5528810;864136;6392946;252228
S2201|866691;216534;1083225;59010
S2202|891708;223805;1115512;58700
S2203|1014430;252838;1267268;63071
S2204|1090975;253996;1344971;62407
S2205|1159584;283103;1442687;63172
S2206|1238785;272650;1511435;61296
S2207|1267854;286183;1554036;60999
S2208|1335482;272969;1608451;59755
S2209|1429937;281918;1711855;59999
S2210|1513230;275767;1788997;59351
S2211|1608561;280056;1888617;58220
S2212|1748303;280248;2028550;58534
S2301|1833976;264940;2098916;55626
S2302|1932768;263590;2196357;53195
S2303|2100707;266965;2367671;52286
S2304|2269860;271017;2540877;55141
S2305|2420030;312794;2732824;52908
S2306|2437786;393889;2831675;52164
S2307|2478441;389727;2868167;52343
S2308|2527499;383468;2910967;52598
S2309|2586082;397030;2983111;50927
S2310|2622937;422077;3045014;51648
S2311|2688922;441852;3130774;52388
S2312|2761482;445179;3206661;57136
S2401|2836815;458544;3295359;56474
S2402|2944527;489213;3433740;53659
S2403|3070632;533426;3604058;55699
S2404|3047266;537202;3584467;55846
S2405|3074460;594566;3669027;58473
S2406|3093941;613665;3707606;60001
S2407|3107737;641130;3748867;63491
S2408|3174959;683272;3858231;68741
S2409|3286878;709401;3996279;72189
S2410|3330011;722488;4052499;77263
S2411|3402559;752373;4154932;81156
S2412|3524720;760938;4285659;86522
S2501|3607666;787637;4395303;91718
S2502|3728930;827664;4556595;96863
S2503|3838217;887473;4725691;105817
S2504|3965753;951323;4917075;115931
S2505|3877835;857322;4735156;117146
S2506|3988024;876609;4864634;127749
S2507|4085341;884475;4969816;137349
S2508|4353144;1046395;5399539;158443
S2509|4532523;1086810;5619333;171880
S2510|4676897;1105040;5781937;178691
S2511|4839967;1134100;5974067;185465
S2512|5056490;1161588;6218077;200472
S2601|5127882;1205641;6333523;214203
S2602|5344324;1235422;6579746;225846
S2603|5548101;1239808;6787909;240261
S2604|5724737;1269782;6994519;252061
S2605|5786958;1239666;7026625;260402
S2606|5996304;1256982;7253286;276661
S2607|6065850;1242710;7308561;284851
S2608|6204086;1294585;7498671;289597
YA2201|127939;51105;179044;13086
YA2202|134527;53083;187610;12821
YA2203|155935;60629;216564;15279
YA2204|169138;64135;233273;15127
YA2205|182269;76284;258553;16199
YA2206|199970;73802;273772;15923
YA2207|207370;81662;289032;15359
YA2208|220224;76068;296292;14509
YA2209|249211;88585;337795;15309
YA2210|270524;87168;357692;15216
YA2211|282102;90316;372418;15181
YA2212|297408;90138;387547;15756
YA2301|303588;80414;384002;14650
YA2302|308311;80369;388680;13030
YA2303|321466;77340;398806;12911
YA2304|341629;77988;419618;12871
YA2305|363355;93001;456356;10680
YA2306|365006;115640;480646;10407
YA2307|370162;123902;494065;11629
YA2308|386610;124311;510921;12324
YA2309|390485;125314;515800;11833
YA2310|395029;133833;528862;11990
YA2311|409549;140041;549590;12270
YA2312|423336;135498;558834;15788
YA2401|441043;120493;561536;15509
YA2402|462300;126231;588532;12373
YA2403|493385;132029;625414;13209
YA2404|476201;122969;599171;12329
YA2405|505156;142671;647826;13089
YA2406|493156;134532;627688;12584
YA2407|496907;141553;638460;12788
YA2408|516566;147403;663969;14795
YA2409|534760;149420;684180;13862
YA2410|545480;141757;687237;14300
YA2411|562736;144853;707589;15164
YA2412|592100;152422;744522;16937
YA2501|607893;154966;762859;17380
YA2502|621883;159600;781483;17659
YA2503|646533;164508;811040;19981
YA2504|668506;185402;853907;20328
YA2505|613398;147709;761107;19017
YA2506|645232;139863;785095;20377
YA2507|663504;136695;800199;22293
YA2508|745295;194116;939411;28594
YA2509|788794;211205;1000000;31642
YA2510|816336;214195;1030531;32027
YA2511|851577;219688;1071265;33084
YA2512|885838;202448;1088286;33897
YA2601|913542;213971;1127513;36022
YA2602|961973;217256;1179229;39537
YA2603|1007873;210352;1218225;41298
YA2604|1045410;221059;1266469;42958
YA2605|1078635;229723;1308358;46270
YA2606|1082458;213630;1296088;45999
YA2607|1075646;190069;1265715;42314
YA2608|1119791;198791;1318582;45781
YO2201|212069;62033;274102;18819
YO2202|218787;63021;281807;18270
YO2203|257921;68173;326093;18752
YO2204|281239;65424;346663;17719
YO2205|299081;68201;367282;16592
YO2206|319906;65944;385850;16165
YO2207|324968;65239;390207;15788
YO2208|341191;62814;404004;15468
YO2209|371773;60309;432082;15270
YO2210|389316;58052;447368;15098
YO2211|405510;57635;463145;14383
YO2212|420918;55986;476904;15004
YO2301|428041;55902;483943;14729
YO2302|434387;53177;487564;14233
YO2303|454586;54217;508802;13913
YO2304|474520;60556;535076;16813
YO2305|485641;71220;556862;16702
YO2306|472734;94768;567502;16195
YO2307|469617;74413;544029;15305
YO2308|479298;71021;550319;15107
YO2309|502687;72170;574858;14306
YO2310|525489;76401;601890;14349
YO2311|553227;80289;633516;14500
YO2312|592695;82802;675497;14559
YO2401|625962;89137;715099;14184
YO2402|667025;95145;762170;13925
YO2403|708619;106595;815215;13823
YO2404|724419;108896;833315;14123
YO2405|727858;115867;843725;13987
YO2406|750360;121708;872068;14047
YO2407|750241;121774;872015;14805
YO2408|759972;130288;890259;15759
YO2409|794182;136306;930488;16878
YO2410|806814;140721;947535;18467
YO2411|826991;142544;969535;19430
YO2412|862157;147691;1009848;19355
YO2501|887750;153703;1041453;20464
YO2502|914330;163058;1077388;22353
YO2503|956038;180021;1136059;23992
YO2504|986558;192611;1179169;26180
YO2505|965049;172956;1138005;26835
YO2506|997741;182677;1180418;28592
YO2507|1001675;185875;1187550;30633
YO2508|1063884;214697;1278581;36163
YO2509|1118811;231596;1350408;37593
YO2510|1145564;234865;1380428;39781
YO2511|1202870;248812;1451682;41535
YO2512|1262558;258742;1521300;46235
YO2601|1276557;277238;1553795;48648
YO2602|1339940;283642;1623582;51143
YO2603|1396486;285252;1681738;54842
YO2604|1443600;294921;1738521;58634
YO2605|1438026;281445;1719471;59384
YO2606|1516135;290891;1807026;61652
YO2607|1520797;287533;1808330;64411
YO2608|1538459;295408;1833867;66384
