KA2508|22523;60129;590338;516797;72050;0;46797;287842;46607;251889;1018408;822305;468701;903466;0;2853;0;0;4812850;2809393;152659;597;184210;59063;27917;7743;49847;50725;106447;594;1396491;108165;428928;56633;842087;35807;125475;15725;0;0;192187;62971;784836;235844;22905;0;135958;474;406048;49756;9985146;6053418;6528847;3544927;1053099;2032251;5475748;1512677;132817;4327;0;0;0;68699;382727;1285448;709269;576329;178;0;670;595490;670;595490;0;0;22479;146;45880;13;61672;206962;182159;58870;156056;2918;26103;55952;100290;4587;392842;84141;8559831;6429938;104661;0;599368;91;0;0;57962;0;156171;4757;142186;0;-16402;0;1043947;4848;9603778;6434785;1668915;1610130;4144721;3791113;519793;2859093;3624928;932020;5356;27618;287323;280243
KA2608|24715;69255;726277;486216;35619;0;74952;381428;48335;314827;1215193;976136;480909;1198357;0;670;0;0;6717798;3798087;275733;634;277359;71968;29664;7293;49676;64044;198018;630;1885249;143789;584724;84834;1172008;32113;128517;26842;0;0;263092;87317;883396;307281;65977;0;206142;1580;586042;43821;13212070;7737430;8721583;4659599;1451164;2939211;7270419;1720388;195245;13218;0;0;0;80656;330436;1942325;898860;601149;72;0;5093;469013;5093;469013;0;0;30086;288;59498;26;72672;331760;182650;73265;154709;2827;27941;70437;69261;5363;683346;127786;11248803;8304447;106061;0;882630;109;0;0;109824;39;154204;-509;160166;0;-16273;0;1396611;-362;12645414;8304085;2330469;2305952;5717744;4577757;881936;3856992;4835809;720765;5392;53773;290289;343463
KB2508|6122;65345;122604;182634;0;0;22661;123561;51059;44411;131200;99275;82569;333103;0;0;1553;0;894238;720898;28539;3753;33449;12839;3757;4329;6956;5780;22736;2730;147458;23831;63343;13939;68946;4315;15169;5577;75646;160322;15331;0;117120;63161;10883;0;40642;148;73493;3121;1787670;1810724;1143196;1266565;191009;714303;952187;552262;3093;39;0;0;0;0;31822;217170;146899;2934;0;0;0;0;0;0;0;0;9107;87;9312;4;5300;78858;45900;9280;29606;1199;16294;8082;36714;6042;137983;185729;1569325;1766708;71444;0;141774;48;0;0;12910;0;-7991;1391;50292;0;-7509;0;260922;1439;1830247;1768147;356521;267874;685362;1228130;350630;1074747;334732;153383;14006;12267;713;7306
KB2608|7244;183018;156259;353173;0;0;27174;203527;104372;44247;226756;139792;89535;513093;0;0;1100;0;1371418;901432;65748;7931;71070;17663;5346;5217;10975;6578;54749;5868;235389;48421;115807;18232;92124;5312;27458;24877;94640;243915;18793;0;134151;58209;20577;0;51925;216;122450;9753;2656460;2689064;1765785;1797462;244627;1099919;1521159;697543;6262;2127;0;0;0;0;100978;387474;136917;2820;0;0;0;0;0;0;0;0;12331;170;12959;3;5300;138947;52549;21564;30603;1105;21946;20459;53356;6586;205102;265260;2351538;2622412;90912;0;211910;-13;0;0;13121;0;-6545;520;64735;0;-3067;0;371066;507;2722604;2622919;472593;419487;1357208;2973569;751737;2414438;605471;559132;17107;19924;1343;12717
KY2508|73;3547;118341;15268;70426;0;301643;121576;26291;1899;68235;71534;396;17258;0;0;0;0;516062;1015941;5277;125;6142;5961;1433;1061;636;4823;4072;78;37213;22144;10377;16358;20600;3594;6235;2192;415;1986;15221;7;16237;35969;1403;0;31492;0;74543;4174;1277128;1305467;0;0;0;0;0;0;358047;110595;9884;286;0;0;13662;710421;17875;38366;77143;4964;39132;297127;39132;297127;0;0;1022;248;2539;0;4402;19375;11354;22398;0;0;11354;22398;19949;588;274771;167942;829779;1372310;163053;0;121774;6;0;0;1319;0;6965;1511;82484;0;3394;0;378990;1516;1208769;1373826;226148;156331;456132;1196776;151996;908700;304137;288076;16630;36210;0;0
KY2608|30;5770;298205;24983;90609;0;428419;149398;59594;6307;94838;101861;567;15643;7;0;0;0;797478;1269114;12705;32;11211;7592;1787;1159;684;6406;8741;27;54427;28774;19638;21453;25269;3285;9520;4035;5246;3093;20772;7;20052;46276;1644;0;83073;36;106562;5318;2063016;1649021;0;0;0;0;0;0;511961;135140;10354;845;120;0;37554;937601;29124;33381;99422;10268;83559;354209;83559;354209;0;0;1276;302;4121;0;4402;24220;22085;25453;0;0;22085;25453;23950;862;555373;232851;1383300;1755130;259173;0;194727;4;0;0;2150;0;5187;1047;107425;0;3893;0;572556;1052;1955856;1756181;383478;220116;792666;1488839;297168;1163769;495498;325070;77250;30717;0;0
M2508|63530;241087;1790023;1108657;98443;478;103255;639453;164662;316828;2035155;1377666;1039734;1986634;1410;2853;45001;16869;11321526;6162693;432860;2347;509407;139842;74709;23851;113735;113917;320962;2074;2499408;288736;761676;128780;1422287;64008;315445;95949;0;0;591355;351965;1530157;549602;75796;0;383110;649;1032157;100806;22698175;13007482;13831183;7761138;2252111;5160203;11579072;2600935;135407;4539;5679;0;0;69873;623654;3133392;1543409;1149409;819;1312;32889;1282455;29011;1282455;3878;0;56694;1106;118190;34;65172;659125;436918;158444;329579;6084;107339;152360;274224;19030;1184107;224760;18308346;14464618;223697;0;1833207;1499;0;0;230204;84;190102;21851;430625;0;1424;0;2909259;23434;21217605;14488051;3594363;3409773;17809804;15584278;4258014;13807497;13551790;1776782;28859;98784;451310;483925
M2608|69908;298993;2086061;1402141;68385;0;133198;836822;156256;405067;2455402;1597493;1080143;2671453;9313;670;15000;105991;15785926;8031510;768477;2865;813154;155679;86440;24364;143707;128770;583007;2545;3281907;387675;1052706;171133;1885337;56057;343864;160485;0;0;805024;463003;1657498;648879;125532;0;531532;1854;1655870;117015;29872280;16815751;18025979;10568138;2970226;7344582;15055754;3223557;198934;27131;0;0;0;81458;655275;4255768;1474721;1150676;5104;1632;111291;1549437;103249;1549437;8042;0;73406;3578;155403;44;78422;1080746;516681;231427;371410;7024;145271;224403;288445;19920;1932853;374525;23516515;19344480;244517;0;2521272;636;0;0;337621;155;199742;10313;504225;0;8554;0;3815931;11104;27332447;19355584;4996362;4791241;26672329;22415822;8887159;20466551;17785171;1949270;24561;123298;495101;575863
S2508|69725;309978;2030969;1306558;168869;478;427559;884590;242012;363139;2234591;1548474;1122699;2336996;1410;2853;46554;16869;12731826;7899532;466676;6225;548997;158642;79900;29241;121327;124519;347771;4882;2684078;334711;835396;159077;1511833;71916;336849;103718;76061;162309;621907;351973;1663515;648731;88082;0;455245;797;1180193;108101;25762973;16123672;14974379;9027703;2443120;5874506;12531259;3153197;496547;115174;15563;286;0;69873;669138;4060983;1708182;1190709;77962;6276;72021;1579582;68143;1579582;3878;0;66823;1441;130041;38;74874;757357;494172;190123;359185;7283;134988;182840;330887;25659;1596861;578431;20707451;17603635;458194;0;2096756;1553;0;0;244434;84;189077;24753;563401;0;-2691;0;3549170;26389;24256621;17630025;4177033;3833978;18951299;18009185;4760640;15790944;14190659;2218241;59495;147261;452022;491231
S2608|77181;487781;2540525;1780296;158993;0;588792;1189747;320222;455621;2776996;1839146;1170245;3200188;9320;670;16100;105991;17954822;10202057;846931;10828;895435;180934;93573;30740;155366;141754;646497;8440;3571723;464869;1188151;210818;2002729;64655;380842;189397;99886;247008;844589;463010;1811700;753365;147753;0;666530;2106;1884883;132087;34591756;21153835;19791765;12365600;3214852;8444501;16576913;3921099;717157;164397;10354;845;120;81458;793806;5580844;1640761;1186877;104526;11900;194850;1903645;186808;1903645;8042;0;87014;4050;172483;47;88124;1243912;591314;278443;402013;8129;189302;270315;365751;27367;2693329;872636;27251353;23722021;594603;0;2927910;628;0;0;352892;155;198384;11880;676385;0;9380;0;4759553;12663;32010907;23734685;5852433;5430843;28822204;26878230;9936063;24044758;18886140;2833472;118918;173939;496443;588580
YA2508|14378;75887;669785;252736;24683;0;14531;182980;73001;16282;307250;168286;234919;437550;12;0;45001;16869;2799157;1482281;126887;1378;146701;42343;19807;7807;27239;33349;99655;1187;411708;75422;159058;33255;185741;9323;66909;32845;0;0;128867;140438;311432;131640;34386;0;95204;5;262748;20508;5407248;2959919;3112061;1659634;472081;1280322;2639981;379312;1786;212;5606;0;0;1175;97886;949704;282338;193626;641;1312;13717;242663;13717;242663;0;0;11692;687;32649;3;0;201093;118769;45560;86399;1221;32370;44339;83761;10380;339280;65809;4100188;3371858;63317;0;590624;605;0;0;43754;0;4806;4080;173062;0;14872;0;890435;4685;4990624;3376543;787591;735505;6171081;5230780;1871951;4949690;4299130;281090;37;55973;59895;99554
YA2608|14743;101572;682246;431675;19946;0;13405;219763;73158;20499;456663;184245;243989;620280;3005;0;15000;105991;4001432;1824427;217447;1833;241885;38195;26575;6040;41436;30563;173875;1592;516264;104248;224097;36349;216880;7268;75286;60631;0;0;183114;192549;320465;134062;36961;0;126401;4;439573;26205;7121926;3929159;3893258;2472577;624046;1802583;3269212;669994;1523;6129;0;0;0;802;117453;1181499;192591;120304;5031;1632;23448;478701;23404;478701;44;0;13742;2313;44287;3;0;281155;155796;71734;108452;1995;47344;69739;119902;9805;559449;109536;5126481;4736189;75910;0;819049;199;0;0;57711;0;2440;1759;208924;0;22422;0;1186456;1958;6312937;4738147;1084752;1081278;9767260;8172017;3573899;7686716;6193360;485301;13;49290;88641;102719
YO2508|26630;105071;529901;339124;1709;478;41927;168632;45054;48657;709498;387075;336115;645618;1397;0;0;0;3709519;1871018;153313;372;178496;38436;26986;8301;36649;29843;114861;293;691209;105149;173690;38892;394459;18878;123061;47379;0;0;270301;148556;433890;182118;18505;0;151948;171;363361;30542;7305781;3994145;4190275;2556576;726931;1847630;3463343;708946;803;0;73;0;0;0;143040;898239;551802;379454;0;0;18502;444302;14624;444302;3878;0;22523;274;39661;19;3500;251070;135990;54015;87124;1945;48866;52070;90173;4063;451985;74810;5648327;4662822;55719;0;643215;803;0;0;128488;84;29126;13014;115377;0;2953;0;974876;13901;6623203;4676723;1137856;1064138;7494002;6562386;1866270;5998713;5627732;563673;23466;15193;104091;104128
YO2608|30450;128165;677538;484250;12820;0;44841;235631;34763;69741;783546;437112;355246;852816;6309;0;0;0;5066696;2408997;275297;398;293910;45516;30200;11030;52596;34163;211114;322;880394;139637;243885;49950;496448;16676;140061;73012;0;0;358818;183137;453637;207536;22593;0;198989;271;630256;46989;9538284;5149163;5411138;3435963;895016;2602788;4516123;833175;2167;7784;0;0;0;0;207386;1131945;383270;429223;0;0;82749;601722;74751;601722;7998;0;29578;977;51618;15;5750;467831;178235;86429;108248;2202;69987;84226;99282;4752;690058;137203;7141232;6303844;62546;0;819594;329;0;0;170086;116;43098;9063;135135;0;2405;0;1232864;9508;8374095;6313352;1581141;1404011;11187325;9666048;4431324;8922843;6756002;743205;19156;20235;116171;129682
