KA2201|84326;11226;110049;90724;1663436;1591765;0;39;619
KA2202|101845;9568;112564;93849;1780082;1545905;0;77;1230
KA2203|125137;10593;156722;112862;1925582;1653696;0;120;1966
KA2204|136489;10417;158894;111462;2010071;1681376;0;164;2734
KA2205|152649;11703;171034;123200;2151861;1825548;0;211;3570
KA2206|155950;12275;180953;123492;2290772;1859677;0;261;4452
KA2207|144656;12558;193051;130833;2342440;2010035;0;313;5455
KA2208|176695;11463;213539;131810;2483310;2076286;0;368;6558
KA2209|196817;11768;222022;131841;2556606;2147258;0;422;7639
KA2210|216142;13237;238359;133204;2618074;2262705;0;479;8834
KA2211|223552;15609;249013;137319;2814868;2295551;0;537;10001
KA2212|254275;17739;267165;140478;3097334;2319355;0;599;11274
KA2301|251950;16900;289091;142711;3127733;2343758;0;66;1265
KA2302|287434;15016;300670;141368;3396248;2275812;0;144;2455
KA2303|282225;18055;433573;146172;3786553;2309765;0;230;3818
KA2304|264722;19123;437545;148868;3985555;2364057;0;351;5186
KA2305|255073;18624;433025;155822;4124407;2358569;0;492;6629
KA2306|266370;27393;472314;196729;4240582;2924446;0;625;8033
KA2307|311769;30005;488915;218742;4456420;3067723;0;779;9548
KA2308|341522;28598;512630;214210;4538291;3189245;0;938;11145
KA2309|353875;28207;529089;216798;4874669;3145626;0;1095;13220
KA2310|383802;30485;531676;225164;4888074;3328885;0;1266;15007
KA2311|389517;37212;536169;233022;4995491;3515175;0;1465;17241
KA2312|412504;47164;535773;239408;5207572;3594735;0;1668;19050
KA2401|399751;42213;539685;244404;5180585;3664507;0;234;1842
KA2402|427597;42515;543846;251667;5241461;3805603;0;502;3604
KA2403|451244;46129;547872;264073;5429382;4105817;0;777;5469
KA2404|474063;20205;551234;158659;5603816;4050394;0;1073;7590
KA2405|469183;23532;554225;124501;6025695;3870210;0;1378;9670
KA2406|482857;28334;565180;126788;6460513;3948789;0;1690;12167
KA2407|480598;27787;569677;128264;6390665;4104099;0;2019;14039
KA2408|505917;32432;582333;131712;6530625;4371788;0;2495;15907
KA2409|534129;37354;589387;132578;7021307;4384881;0;2899;18027
KA2410|553644;34662;595441;132437;7142823;4350092;0;3318;20012
KA2411|596273;41593;605969;133573;7222838;4302535;0;3741;21971
KA2412|634267;38505;633653;146901;7984253;4448013;0;4177;24757
KA2501|666179;38093;642477;148219;8010574;4607036;0;451;2145
KA2502|681755;36718;647490;144878;8226151;4874145;0;903;4092
KA2503|693195;31380;657002;152504;8255112;5377432;0;1382;6455
KA2504|705767;27139;675968;198350;8404230;5721529;0;1885;8657
KA2505|752936;28578;688067;209690;8637066;5853126;0;2436;10990
KA2506|787293;35526;701228;248967;9056627;6102687;0;2957;13370
KA2507|816218;33006;750427;232477;9226022;6271905;0;3601;15985
KA2508|842087;35807;784836;235844;9603778;6434785;0;4304;18651
KA2509|860260;38327;802982;238845;10185550;6774798;0;4964;21321
KA2510|896178;41942;806355;240866;10017005;6918319;0;5686;24117
KA2511|948194;48204;811963;247088;10071242;7037170;0;6372;27481
KA2512|1007622;55030;812709;255147;10891163;7281433;0;7071;31707
KA2601|971065;46147;824469;265039;10818407;7635417;0;722;3017
KA2602|982504;44759;832437;278981;10892756;7609655;0;1407;5944
KA2603|978549;30284;836627;295159;11230831;7484057;0;2154;10436
KA2604|1018516;34494;838172;290119;11389199;7559531;0;2908;13612
KA2605|1074495;31957;845120;294570;11725823;7760001;0;3679;16777
KA2606|1125493;40375;856820;296829;11979460;7654396;0;4440;20707
KA2607|1125538;28764;862542;301717;12298659;7921698;0;5311;24209
KA2608|1172008;32113;883396;307281;12645414;8304085;0;6090;28459
KB2201|6617;1830;1704;17014;274710;451273;161;26;123
KB2202|11093;1301;2029;20048;302139;455686;323;50;242
KB2203|14877;1427;2279;22284;333330;478779;535;76;411
KB2204|22050;1491;6870;23318;358310;485217;764;103;572
KB2205|25256;1791;6488;26551;393018;526469;1038;132;743
KB2206|28690;1854;6488;27110;424929;531625;1297;163;921
KB2207|29716;2094;10838;28681;445829;570669;1572;198;1124
KB2208|35336;1808;16247;29048;475338;587091;1864;232;1350
KB2209|37950;1716;20379;29398;500913;610950;2165;266;1639
KB2210|38434;2122;28016;32054;522764;620443;2502;304;1966
KB2211|40377;2379;31931;32609;562140;600473;2884;342;2292
KB2212|45301;2955;31931;33024;633855;553761;3330;379;2635
KB2301|45436;3007;34623;33467;658854;579600;517;44;368
KB2302|48515;2134;40947;33419;709072;554899;1031;84;716
KB2303|49936;2887;43147;34205;764640;560970;1744;128;1148
KB2304|46826;3526;47809;32248;790113;576329;2481;174;1573
KB2305|48708;2565;47822;33817;811286;599213;3567;224;2036
KB2306|47759;3780;48322;42609;876565;741250;4917;275;2483
KB2307|51098;4489;48274;44255;924139;790481;7712;331;2960
KB2308|51422;3400;70123;43710;952819;795975;9275;389;3423
KB2309|55964;4120;73568;44569;976873;813022;11175;448;3895
KB2310|38371;4632;90488;45912;1006231;870818;13414;516;4441
KB2311|38411;4741;92065;49418;1032908;914694;15701;581;4943
KB2312|37649;5816;100035;50151;1084282;956894;18185;652;5479
KB2401|41016;5965;104607;52361;1085908;994531;2574;68;550
KB2402|39746;5483;104157;53758;1108572;1026442;5055;140;1079
KB2403|42863;6104;104083;55735;1084911;1114553;7783;220;1614
KB2404|42779;3670;103420;44467;1125930;1081130;10560;305;2141
KB2405|43352;3181;103436;41607;1195948;1019073;13458;412;2689
KB2406|46603;3143;105921;41236;1218280;1044036;16217;519;3217
KB2407|49298;3307;106003;41737;1255856;1058039;19089;630;3774
KB2408|49035;2895;106341;42890;1249846;1138940;21853;750;4325
KB2409|48411;3944;105359;43158;1311540;1174482;24548;872;4856
KB2410|42840;4050;103325;43207;1327419;1179095;27403;997;5414
KB2411|47541;3459;103325;42652;1361069;1167722;30157;1123;5962
KB2412|53443;3506;103457;47366;1438237;1221443;33036;1233;6548
KB2501|57479;3546;103438;48281;1479021;1257454;2784;151;609
KB2502|57652;2711;105932;50059;1486740;1334599;5260;272;1193
KB2503|59416;3677;106007;53297;1515981;1481055;8191;423;1872
KB2504|52343;5713;112019;57460;1566014;1582067;11181;576;2566
KB2505|57319;3775;112018;58946;1609115;1607121;14508;747;3271
KB2506|62773;3995;112663;60162;1701990;1678390;18143;925;3996
KB2507|66646;4386;114974;61980;1750170;1689880;21836;1104;4773
KB2508|68946;4315;117120;63161;1830247;1768147;25568;1292;5589
KB2509|69422;5471;116780;64237;1940273;1923914;29242;1488;6417
KB2510|67443;6663;120780;64874;1944142;1974953;32884;1684;7278
KB2511|73522;6171;120985;59896;2005967;2030723;36629;1890;8139
KB2512|81029;7079;122083;60150;2138345;2188690;40628;2090;9113
KB2601|85988;8841;125083;61004;2067584;2420969;4131;215;975
KB2602|83048;5596;133579;61042;2105488;2396721;7726;424;1904
KB2603|82899;4128;133576;63136;2323186;2411359;11908;650;3037
KB2604|73826;5168;136621;64152;2255150;2419696;15972;890;4118
KB2605|78073;4846;136614;63975;2275309;2435436;20319;1132;5211
KB2606|86275;5211;138768;56555;2516883;2401517;24366;1378;6382
KB2607|90220;5345;135026;56635;2498336;2502599;28997;1635;7673
KB2608|92124;5312;134151;58209;2722604;2622919;33913;1903;8970
KY2201|2272;939;5876;15159;153207;454286;4;1;23
KY2202|2142;944;7341;14186;162415;458541;8;3;46
KY2203|2604;989;8907;14332;179160;487712;12;5;96
KY2204|2936;973;8987;16311;193658;468810;17;6;148
KY2205|3811;1013;9159;17347;210384;510500;23;8;175
KY2206|3610;1024;10084;18666;227381;506949;28;10;209
KY2207|3940;1211;10103;19982;231867;525138;34;11;242
KY2208|5102;1342;10908;20391;258299;512742;40;13;276
KY2209|5658;1207;11200;20483;270870;486123;46;15;315
KY2210|5922;1349;11419;20231;287176;478067;53;16;358
KY2211|6507;1550;11480;19362;307260;470424;59;18;396
KY2212|6838;1686;11759;21729;346607;472518;66;20;439
KY2301|7104;1828;11771;23678;351347;492121;7;9;40
KY2302|7911;1842;11858;24280;365321;483798;21;12;83
KY2303|7463;1760;12060;25411;387471;495004;46;17;126
KY2304|7390;1733;12524;23739;407288;492488;73;22;170
KY2305|7349;1760;12673;25851;417277;509657;104;27;225
KY2306|7591;2442;12811;32641;438849;628783;141;34;284
KY2307|7896;3044;13355;33922;438906;650626;176;39;335
KY2308|7910;3057;13335;32533;473401;655156;211;47;387
KY2309|8557;3084;13266;33073;506892;684197;248;54;446
KY2310|9493;2968;13731;33795;516113;710260;288;60;499
KY2311|9936;3581;14412;35097;539730;744111;323;67;559
KY2312|9923;4102;15351;33587;588779;755193;368;76;624
KY2401|9797;4368;16457;33587;611826;770013;32;28;61
KY2402|10595;4496;17160;35740;658213;806936;63;43;134
KY2403|11486;4539;17833;36718;661374;845914;97;58;224
KY2404|12343;1779;18339;27335;692254;842769;137;74;307
KY2405|13189;1908;17735;28547;729715;804835;187;90;412
KY2406|12825;2181;18172;29112;814119;859888;233;108;525
KY2407|13472;2323;18402;29634;788218;872348;281;125;604
KY2408|13963;2926;18734;31490;816743;950273;333;142;686
KY2409|13969;3189;19337;32594;839048;956885;375;160;796
KY2410|14398;2806;19805;32362;845183;958750;410;179;924
KY2411|14269;2906;19251;32250;844393;981263;429;203;1025
KY2412|14713;2758;18758;32468;884507;998111;454;250;1157
KY2501|16822;2766;18622;35094;924278;1005366;29;23;137
KY2502|16590;2945;19086;35908;960069;1055057;61;45;259
KY2503|16578;2610;19420;35154;948746;1159060;92;72;401
KY2504|16940;2603;19462;35647;981386;1216606;122;94;568
KY2505|18719;2935;20407;36860;1009585;1256316;136;117;742
KY2506|18751;3133;15385;36166;1112263;1321934;176;150;943
KY2507|20109;3097;15574;36346;1137104;1327417;208;176;1108
KY2508|20600;3594;16237;35969;1208769;1373826;238;202;1296
KY2509|18643;3505;15611;36522;1271259;1420340;263;235;1512
KY2510|18307;3735;14880;39942;1281174;1430090;294;263;1736
KY2511|20454;4234;16109;40428;1346552;1446557;325;285;1949
KY2512|21897;4529;17072;42040;1434372;1457813;358;337;2230
KY2601|23697;4126;17187;40964;1558007;1562222;41;33;231
KY2602|22294;4089;16026;37748;1605349;1561915;71;65;502
KY2603|19852;2559;18014;34889;1643637;1595796;104;114;794
KY2604|21185;2879;19495;40976;1701592;1673292;228;146;1130
KY2605|22646;3113;19532;42028;1723402;1734480;429;177;1399
KY2606|24140;3294;19767;44832;1814327;1724211;630;223;1705
KY2607|23886;2964;21300;45439;1918419;1725042;845;258;2284
KY2608|25269;3285;20052;46276;1955856;1756181;1068;292;2574
M2201|170986;14470;290443;223788;3540315;4347314;0;152;858
M2202|200923;12521;300625;239464;3805545;4298344;0;299;1774
M2203|258915;13591;348954;266980;4108144;4570927;0;461;2865
M2204|280744;12977;359992;268989;4291854;4577521;0;622;3924
M2205|320583;14518;375439;297666;4621764;5041565;0;789;5161
M2206|331401;15664;403593;300868;4934116;5082761;0;965;6422
M2207|313138;16001;429078;320861;5064855;5466118;0;1153;7840
M2208|385407;15285;455784;324481;5327872;5537776;0;1341;9395
M2209|436288;15188;497127;317502;5628297;5602845;0;1531;11088
M2210|485503;16486;527332;320003;5898923;5645472;0;1732;12832
M2211|512692;20364;547737;325386;6274936;5591334;0;1953;14551
M2212|559684;23495;590325;330066;6819003;5521647;0;2176;16354
M2301|543520;22027;655403;333869;7041185;5565744;0;253;1844
M2302|623765;19918;690978;332488;7483069;5438212;0;494;3583
M2303|606734;23766;850832;341160;8137431;5500000;0;772;5647
M2304|567244;23991;866521;345865;8469503;5648985;0;1087;7765
M2305|537203;23355;868030;364894;8767309;5741706;0;1432;10035
M2306|557476;35436;928685;460030;9301815;7115580;0;1766;12488
M2307|636513;39652;972179;492605;9676604;7484814;0;2129;14925
M2308|674999;38640;1050598;483663;9842678;7613491;0;2498;17298
M2309|718282;36618;1092997;493298;10497201;7621500;0;2872;20157
M2310|775223;38334;1106078;509890;10685777;7969450;0;3278;22729
M2311|777526;49379;1116939;525071;10999781;8308646;0;3707;25724
M2312|817651;67378;1142804;529771;11672964;8494457;0;4162;28371
M2401|796063;55852;1183851;542753;11665373;8762377;0;514;2694
M2402|846470;58134;1219838;558851;11955840;9106010;0;1080;5336
M2403|894037;65052;1244004;569203;12310610;9869479;0;1691;8090
M2404|924120;36565;1259679;466714;12832300;9677626;0;2323;11046
M2405|913251;40685;1273131;431277;13900429;9323910;0;2990;14041
M2406|931928;48379;1288972;440529;14662259;9457573;0;3639;17426
M2407|934962;46773;1298063;445024;14916325;9660091;0;4373;20279
M2408|982278;56526;1316588;444294;15274502;10259463;0;5230;23148
M2409|1010129;62943;1317031;448288;15932656;10304081;0;6026;26277
M2410|1036443;54801;1325826;445992;16310488;10263763;0;6852;29196
M2411|1105936;62862;1344000;437049;16618558;10187152;0;7695;32070
M2412|1155959;61158;1378416;437493;17719453;10405931;0;8619;36026
M2501|1179612;57281;1386224;440098;18001200;10698853;0;951;3256
M2502|1209046;58071;1397274;418578;18341187;11183901;0;1924;6255
M2503|1224492;50578;1416192;427539;18619817;12408070;0;2996;9870
M2504|1222915;44617;1426478;480842;18918575;13023171;0;4079;13413
M2505|1306730;47527;1435410;498021;19420585;13176425;0;5237;17008
M2506|1326184;60843;1433421;539286;20059242;13792739;0;6445;20907
M2507|1364351;56238;1490556;538540;20623443;14177059;0;7789;24738
M2508|1422287;64008;1530157;549602;21217605;14488051;0;9168;28659
M2509|1439203;69070;1550817;556499;21769327;15253507;0;10551;33338
M2510|1494455;74486;1551550;554248;21816921;15671465;0;12010;37473
M2511|1582907;84806;1556556;570268;22189621;15948301;0;13420;42474
M2512|1666288;96729;1559428;588194;23198103;16529475;0;14922;48514
M2601|1566083;80454;1550073;584660;23194938;17770677;0;1550;4489
M2602|1590117;78875;1564119;595245;23536578;17664720;0;3031;8775
M2603|1580179;54145;1576061;617570;24328939;17432276;0;4659;14978
M2604|1636362;59248;1591095;607836;24732114;17628471;0;6293;19859
M2605|1723985;54088;1594999;616727;25556971;18035168;0;7985;24735
M2606|1815945;69730;1610950;625701;26340865;17929213;0;9728;30517
M2607|1793803;49574;1636339;635934;26632363;18540450;0;11605;35637
M2608|1885337;56057;1657498;648879;27332447;19355584;0;13407;41560
S2201|179875;17239;298023;255961;3968232;5252873;165;179;1004
S2202|214158;14766;309996;273698;4270099;5212572;331;352;2062
S2203|276395;16008;360141;303595;4620635;5537418;547;541;3371
S2204|305729;15441;375849;308618;4843822;5531547;781;731;4645
S2205|349649;17321;391086;341565;5225166;6078534;1060;929;6079
S2206|363701;18542;420165;346644;5586426;6121336;1325;1138;7552
S2207|346794;19306;450019;369524;5742551;6561925;1606;1362;9207
S2208|425846;18436;482939;373920;6061509;6637609;1904;1586;11021
S2209|479896;18111;528707;367383;6400080;6699918;2211;1812;13042
S2210|529859;19957;566767;372288;6708862;6743982;2555;2053;15156
S2211|559576;24293;591147;377357;7144336;6662230;2943;2313;17238
S2212|611824;28135;634015;384818;7799464;6547926;3396;2575;19428
S2301|596060;26863;701797;391014;8051386;6637465;524;305;2252
S2302|680192;23895;743783;390187;8557462;6476909;1052;590;4381
S2303|664133;28413;906039;400777;9289541;6555974;1790;917;6920
S2304|621460;29251;926854;401852;9666905;6717802;2554;1282;9508
S2305|593259;27680;928525;424562;9995872;6850576;3671;1683;12297
S2306|612826;41657;989819;535280;10617230;8485612;5058;2076;15254
S2307|695507;47185;1033808;570782;11039649;8925921;7888;2499;18220
S2308|734331;45097;1134056;559906;11268898;9064622;9486;2934;21107
S2309|782803;43822;1179831;570940;11980966;9118719;11423;3373;24498
S2310|823088;45935;1210298;589597;12208121;9550528;13702;3854;27669
S2311|825873;57701;1223416;609586;12572419;9967451;16024;4355;31227
S2312|865223;77296;1258190;613509;13346024;10206544;18553;4889;34473
S2401|846876;66185;1304914;628701;13363107;10526922;2606;610;3305
S2402|896812;68113;1341155;648349;13722625;10939388;5119;1263;6549
S2403|948386;75695;1365920;661656;14056896;11829947;7880;1969;9928
S2404|979242;42014;1381437;538516;14650484;11601525;10698;2702;13494
S2405|969792;45773;1394302;501432;15826092;11147818;13645;3491;17141
S2406|991355;53704;1413065;510877;16694658;11361498;16449;4266;21167
S2407|997732;52403;1422467;516395;16960400;11590478;19371;5128;24657
S2408|1045276;62347;1441663;518674;17341091;12348677;22186;6122;28159
S2409|1072509;70076;1441727;524040;18083244;12435448;24923;7058;31928
S2410|1093680;61657;1448957;521561;18483090;12401607;27813;8028;35534
S2411|1167746;69227;1466575;511950;18824020;12336138;30586;9022;39057
S2412|1224114;67422;1500631;517327;20042197;12625485;33490;10101;43731
S2501|1253913;63594;1508284;523472;20404499;12961672;2813;1125;4002
S2502|1283288;63728;1522292;504544;20787996;13573557;5320;2241;7707
S2503|1300486;56865;1541619;515991;21084543;15048185;8283;3491;12142
S2504|1292198;52933;1557959;573949;21465975;15821844;11303;4749;16548
S2505|1382769;54238;1567835;593827;22039285;16039862;14644;6100;21021
S2506|1407708;67971;1561469;635614;22873494;16793063;18318;7521;25845
S2507|1451106;63721;1621104;636867;23510717;17194355;22044;9069;30618
S2508|1511833;71916;1663515;648731;24256621;17630025;25805;10663;35544
S2509|1527268;78046;1683208;657258;24980859;18597761;29505;12274;41268
S2510|1580205;84884;1687210;659064;25042237;19076508;33178;13957;46487
S2511|1676882;95211;1693651;670591;25542140;19425581;36954;15595;52562
S2512|1769214;108337;1698584;690384;26770820;20175979;40986;17349;59856
S2601|1675767;93420;1692343;686628;26820528;21753867;4171;1798;5695
S2602|1695460;88561;1713724;694035;27247415;21623355;7797;3520;11182
S2603|1682930;60832;1727651;715594;28295762;21439431;12012;5424;18809
S2604|1731373;67295;1747211;712965;28688856;21721459;16200;7328;25107
S2605|1824704;62046;1751146;722730;29555681;22205084;20748;9294;31344
S2606|1926360;78235;1769485;727088;30672075;22054941;24995;11330;38604
S2607|1907910;57883;1792665;738009;31049118;22768091;29842;13498;45594
S2608|2002729;64655;1811700;753365;32010907;23734685;34981;15603;53104
YA2201|25390;922;41885;57989;723125;1195551;0;41;146
YA2202|28505;864;47223;66997;787621;1194370;0;80;295
YA2203|39746;954;50889;72167;847147;1268804;0;124;498
YA2204|43702;800;57414;73705;914214;1262702;0;169;681
YA2205|51247;886;61294;82503;978592;1399068;0;214;898
YA2206|52081;1012;66468;83809;1052856;1389511;0;260;1121
YA2207|49761;1267;70812;89797;1072752;1511325;0;307;1365
YA2208|65506;1311;74895;90685;1141573;1515415;0;354;1637
YA2209|74135;1062;93913;85386;1225851;1516386;0;400;2014
YA2210|81874;1036;94705;85861;1298267;1495530;0;447;2362
YA2211|85552;1621;100637;86697;1383578;1437421;0;517;2713
YA2212|91075;1735;114990;87384;1504602;1368112;0;586;3009
YA2301|83052;1702;137327;87863;1593611;1371353;0;70;382
YA2302|97715;1554;148834;87673;1666830;1334209;0;121;741
YA2303|90339;1691;166987;88308;1822622;1315256;0;189;1204
YA2304|82149;1373;170759;88296;1872874;1363911;0;260;1726
YA2305|76405;1295;182496;93541;1917274;1429432;0;336;2293
YA2306|81502;2209;182947;117651;2175043;1763452;0;407;2952
YA2307|92140;2901;190771;121958;2241875;1848461;0;479;3587
YA2308|92444;2747;205170;119417;2286181;1869098;0;552;4158
YA2309|99035;2226;213156;122795;2400324;1844755;0;626;4693
YA2310|106938;2073;218340;126437;2480803;1914667;0;712;5191
YA2311|110805;3310;219743;128901;2589965;1982014;0;790;5678
YA2312|117311;5243;228290;124983;2687736;2037075;0;881;6225
YA2401|115017;3957;255816;128363;2810864;2127471;0;99;525
YA2402|121256;4650;269430;132604;2811619;2227828;0;209;1096
YA2403|126731;5241;273014;122644;2830362;2440905;0;338;1663
YA2404|134079;4661;274977;124371;2990619;2367716;0;457;2205
YA2405|134195;5090;276548;123678;3224363;2295441;0;585;2801
YA2406|137768;6009;281127;127169;3360626;2303451;0;687;3378
YA2407|139358;6511;284971;129212;3512454;2352515;0;836;3955
YA2408|145188;7961;287077;124871;3583809;2504744;0;965;4546
YA2409|144802;7678;288765;126386;3655720;2470428;0;1099;5175
YA2410|150031;5785;288831;131780;3843483;2462435;0;1240;5741
YA2411|164376;6213;294800;129459;3911692;2449995;0;1390;6326
YA2412|168691;6292;298129;114309;4019569;2472660;0;1556;6932
YA2501|170296;6029;305704;116895;4278443;2531002;0;173;705
YA2502|171048;6693;310262;107499;4318475;2617727;0;368;1312
YA2503|169929;5757;313530;109263;4410683;2946874;0;591;2049
YA2504|160213;5241;311812;110351;4401357;3072797;0;813;2796
YA2505|173278;5627;311367;112691;4595556;3047148;0;1043;3560
YA2506|168460;7851;303915;114322;4653253;3187818;0;1301;4327
YA2507|175591;7389;307539;126754;4926233;3317059;0;1572;5057
YA2508|185741;9323;311432;131640;4990624;3376543;0;1851;5779
YA2509|180328;10262;314773;133925;4930241;3531447;0;2152;6540
YA2510|185540;9639;315269;128050;5078402;3658260;0;2448;7272
YA2511|201063;10810;313813;132459;5155961;3724550;0;2736;8172
YA2512|213017;12407;313849;135355;5169318;3843062;0;3072;9044
YA2601|186665;9309;297001;128891;5385581;4231145;0;335;869
YA2602|187833;9871;299901;126435;5431669;4222108;0;653;1678
YA2603|179273;6629;306021;128017;5519631;4205108;0;1005;2692
YA2604|179350;7540;317926;125417;5773086;4271397;0;1358;3621
YA2605|190601;6797;314260;126600;5983891;4345784;0;1715;4518
YA2606|207009;8799;315410;129683;6203286;4345799;0;2078;5551
YA2607|198515;6366;320963;131697;6169413;4509948;0;2459;6445
YA2608|216880;7268;320465;134062;6312937;4738147;0;2847;7428
YO2201|61269;2323;138509;75075;1153754;1559998;0;73;92
YO2202|70573;2088;140838;78618;1237842;1558070;0;142;249
YO2203|94031;2045;141343;81951;1335416;1648426;0;217;401
YO2204|100553;1760;143684;83822;1367568;1633443;0;288;510
YO2205|116687;1929;143111;91963;1491311;1816949;0;364;693
YO2206|123370;2377;156171;93567;1590488;1833573;0;445;849
YO2207|118721;2176;165215;100230;1649662;1944758;0;533;1020
YO2208|143207;2511;167350;101985;1702990;1946075;0;620;1201
YO2209|165336;2358;181192;100275;1845839;1939200;0;709;1435
YO2210|187487;2213;194268;100938;1982582;1887237;0;805;1636
YO2211|203588;3135;198086;101370;2076490;1858362;0;899;1837
YO2212|214334;4020;208170;102203;2217066;1834180;0;991;2071
YO2301|208518;3425;228985;103295;2319840;1850633;0;117;197
YO2302|238616;3348;241474;103446;2419991;1828191;0;229;387
YO2303|234170;4020;250272;106680;2528255;1874980;0;353;625
YO2304|220373;3495;258217;108700;2611074;1921018;0;476;854
YO2305|205725;3435;252509;115530;2725629;1953704;0;604;1114
YO2306|209605;5834;273424;145650;2886189;2427681;0;734;1504
YO2307|232604;6746;292494;151905;2978308;2568630;0;871;1790
YO2308|241034;7295;332798;150035;3018206;2555148;0;1008;1995
YO2309|265371;6186;350751;153705;3222208;2631119;0;1150;2244
YO2310|284483;5777;356062;158288;3316900;2725898;0;1301;2531
YO2311|277204;8858;361027;163148;3414326;2811456;0;1452;2805
YO2312|287836;14971;378740;165380;3777656;2862646;0;1613;3095
YO2401|281296;9682;388350;169986;3673924;2970399;0;181;327
YO2402|297617;10969;406562;174581;3902759;3072579;0;369;637
YO2403|316062;13682;423117;182486;4050866;3322757;0;575;958
YO2404|315979;11699;433468;183684;4237866;3259516;0;793;1251
YO2405|309873;12062;442359;183098;4650371;3158259;0;1026;1569
YO2406|311302;14036;442665;186572;4841120;3205334;0;1262;1881
YO2407|315006;12474;443415;187549;5013206;3203477;0;1518;2286
YO2408|331173;16134;447178;187711;5160068;3382931;0;1770;2695
YO2409|331198;17911;438878;189324;5255629;3448773;0;2029;3075
YO2410|332767;14354;441554;181775;5324182;3451236;0;2294;3443
YO2411|345287;15056;443231;174016;5484027;3434622;0;2564;3773
YO2412|353000;16360;446634;176284;5715631;3485258;0;2886;4337
YO2501|343138;13159;438042;174983;5712182;3560815;0;327;405
YO2502|356243;14661;439521;166201;5796561;3692029;0;653;851
YO2503|361368;13441;445660;165771;5954022;4083764;0;1022;1366
YO2504|356936;12238;438698;172141;6112988;4228844;0;1381;1960
YO2505|380517;13322;435976;175640;6187963;4276151;0;1758;2458
YO2506|370432;17465;428278;175997;6349361;4502234;0;2187;3210
YO2507|372543;15843;432590;179309;6471187;4588096;0;2616;3696
YO2508|394459;18878;433890;182118;6623203;4676723;0;3014;4230
YO2509|398615;20481;433062;183729;6653537;4947262;0;3435;5477
YO2510|412738;22905;429925;185332;6721514;5094887;0;3876;6085
YO2511|433650;25792;430781;190721;6962418;5186581;0;4311;6821
YO2512|445650;29292;432871;197692;7137621;5404981;0;4780;7763
YO2601|408354;24998;428602;190730;6990950;5904115;0;493;604
YO2602|419780;24246;431781;189829;7212152;5832957;0;972;1152
YO2603|422358;17232;433412;194394;7578478;5743111;0;1501;1849
YO2604|438496;17214;434997;192300;7569828;5797543;0;2027;2626
YO2605|458888;15333;435619;195556;7847257;5929383;0;2592;3439
YO2606|483442;20557;438720;199189;8158119;5929018;0;3211;4259
YO2607|469749;14444;452834;202521;8164291;6108804;0;3835;4982
YO2608|496448;16676;453637;207536;8374095;6313352;0;4470;5673
